# 
# Wavefront OBJ file
# Converted by the DEEP Exploration Deep Exploration 5 5.0.5.1846 Release
# Right Hemisphere, LTD
# http://www.righthemisphere.com/
# 
# object puff01
g puff01
v 0.00134 -0.16566 -0.23995
v -0.14823 -0.08833 -0.28891
v -0.00388 -0.07930 -0.08727
v -0.15359 -0.00198 -0.13624
v -0.11916 -0.19289 -0.22880
v -0.02773 -0.06110 -0.30006
v -0.12438 -0.10653 -0.07613
v -0.03309 0.02526 -0.14738
v -0.04692 -0.18837 -0.12791
v 0.04438 -0.05658 -0.19931
v -0.19663 -0.11105 -0.17687
v -0.10519 0.02074 -0.24827
v 0.01503 0.03626 0.12650
v 0.17490 0.02018 0.09009
v -0.00924 0.03528 -0.05482
v 0.15049 0.01919 -0.09122
v 0.08092 0.11091 0.10279
v 0.10900 -0.05447 0.11380
v 0.05651 0.10992 -0.07852
v 0.08473 -0.05559 -0.06752
v -0.01108 0.11853 0.03041
v 0.01700 -0.04699 0.04127
v 0.14865 0.10244 -0.00600
v 0.17673 -0.06307 0.00487
v 0.30401 0.03471 -0.03252
v 0.11154 0.05771 0.01856
v 0.33801 -0.06237 0.13948
v 0.14555 -0.03937 0.19042
v 0.18562 -0.04078 -0.05157
v 0.23007 0.13306 0.03775
v 0.21949 -0.13786 0.12029
v 0.26393 0.03598 0.20961
v 0.29879 -0.10075 0.00882
v 0.34323 0.07295 0.09814
v 0.10632 -0.07775 0.05990
v 0.15077 0.09595 0.14922
v -0.23162 -0.07747 0.22795
v -0.10519 -0.13814 0.19832
v -0.29568 -0.16566 0.13497
v -0.16925 -0.22633 0.10533
v -0.15782 -0.06011 0.16065
v -0.17899 -0.15550 0.26563
v -0.22189 -0.14830 0.06766
v -0.24305 -0.24369 0.17264
v -0.25307 -0.07394 0.12890
v -0.27423 -0.16918 0.23388
v -0.12664 -0.13461 0.09927
v -0.14781 -0.22986 0.20425
v 0.15204 -0.11331 -0.25900
v 0.10787 -0.11514 -0.27155
v 0.14047 -0.12713 -0.21681
v 0.09644 -0.12911 -0.22936
v 0.13271 -0.13602 -0.27169
v 0.12720 -0.09242 -0.25885
v 0.12128 -0.14999 -0.22950
v 0.11563 -0.10625 -0.21666
v 0.14908 -0.14209 -0.24432
v 0.14343 -0.09835 -0.23148
v 0.10491 -0.14393 -0.25688
v 0.09941 -0.10032 -0.24404
v -0.02434 0.07676 0.07316
v -0.16192 0.02004 0.15246
v 0.04311 0.12036 0.22146
v -0.09447 0.06364 0.30062
v -0.05792 -0.02794 0.11916
v -0.12833 0.12474 0.10632
v 0.00952 0.01566 0.26746
v -0.06089 0.16834 0.25462
v 0.04452 0.02229 0.15373
v -0.02589 0.17497 0.14089
v -0.09292 -0.03457 0.23303
v -0.16347 0.11810 0.22019
v -0.00317 -0.11063 0.11775
v 0.00614 -0.10950 0.12579
v 0.00487 -0.11246 0.10872
v 0.01418 -0.11133 0.11676
v 0.00162 -0.10399 0.12071
v 0.00134 -0.11613 0.12283
v 0.00981 -0.10583 0.11168
v 0.00938 -0.11796 0.11380
v 0.00106 -0.10555 0.11225
v 0.00063 -0.11754 0.11436
v 0.01037 -0.10442 0.12015
v 0.00995 -0.11655 0.12241
v -0.00769 -0.04910 -0.14301
v 0.11451 -0.02766 -0.20368
v -0.07147 -0.02526 -0.26295
v 0.05059 -0.00381 -0.32362
v 0.04932 0.02864 -0.15782
v 0.05750 -0.10555 -0.18887
v -0.01460 0.05263 -0.27776
v -0.00642 -0.08170 -0.30880
v -0.04367 0.02991 -0.18746
v -0.03549 -0.10428 -0.21850
v 0.07838 0.05136 -0.24813
v 0.08657 -0.08283 -0.27917
v 0.26168 -0.05418 0.28129
v 0.22428 -0.08494 0.18224
v 0.20552 -0.04346 0.33434
v 0.16827 -0.07436 0.23515
v 0.24291 -0.11712 0.21187
v 0.24305 -0.02201 0.25166
v 0.18675 -0.10653 0.26478
v 0.18689 -0.01129 0.30457
v 0.23360 -0.09637 0.28792
v 0.23360 -0.00127 0.32771
v 0.19620 -0.12728 0.18873
v 0.19635 -0.03203 0.22852
v -0.29850 0.15832 0.07344
v -0.18661 0.15183 0.08784
v -0.28439 0.15282 -0.03845
v -0.17264 0.14632 -0.02406
v -0.23896 0.21137 0.07824
v -0.24615 0.09877 0.08290
v -0.22485 0.20587 -0.03365
v -0.23204 0.09327 -0.02900
v -0.28792 0.21180 0.01517
v -0.29498 0.09920 0.01983
v -0.17603 0.20531 0.02956
v -0.18322 0.09270 0.03408
v -0.04170 0.14872 -0.29441
v 0.10576 0.02780 -0.32179
v -0.15147 0.04134 -0.41082
v -0.00402 -0.07958 -0.43834
v 0.06089 0.14068 -0.38359
v 0.00317 0.03584 -0.23261
v -0.04875 0.03330 -0.50000
v -0.10660 -0.07154 -0.34902
v -0.06766 0.14745 -0.42818
v -0.12537 0.04261 -0.27706
v 0.07979 0.02653 -0.45555
v 0.02208 -0.07831 -0.30457
v 0.07740 0.11570 -0.05764
v 0.08304 0.11613 -0.05708
v 0.07796 0.11697 -0.06328
v 0.08360 0.11726 -0.06272
v 0.08008 0.11867 -0.05679
v 0.08050 0.11316 -0.05806
v 0.08050 0.11994 -0.06230
v 0.08092 0.11429 -0.06357
v 0.07754 0.11909 -0.05990
v 0.07796 0.11359 -0.06103
v 0.08318 0.11951 -0.05933
v 0.08360 0.11387 -0.06046
v -0.29385 0.32736 0.25998
v -0.17278 0.21236 0.36750
v -0.14823 0.35756 0.12833
v -0.02716 0.24256 0.23585
v -0.20340 0.34951 0.36511
v -0.26323 0.19035 0.26238
v -0.05778 0.37971 0.23346
v -0.11761 0.22054 0.13073
v -0.19112 0.42204 0.24559
v -0.25095 0.26288 0.14287
v -0.07006 0.30704 0.35311
v -0.12989 0.14788 0.25039
v -0.27014 -0.03979 0.44201
v -0.21130 0.08226 0.37484
v -0.32672 -0.08537 0.30923
v -0.26774 0.03669 0.24220
v -0.30443 0.05969 0.42239
v -0.17701 -0.01707 0.39445
v -0.36087 0.01397 0.28961
v -0.23360 -0.06279 0.26182
v -0.36214 -0.02427 0.38952
v -0.23473 -0.10103 0.36172
v -0.30316 0.09793 0.32249
v -0.17589 0.02117 0.29455
v -0.04113 0.27035 -0.29709
v -0.20919 0.30422 -0.24178
v 0.01065 0.24778 -0.12593
v -0.15740 0.28164 -0.07062
v -0.14470 0.19952 -0.27508
v -0.10562 0.37505 -0.26379
v -0.09292 0.17694 -0.10392
v -0.05383 0.35248 -0.09263
v -0.03478 0.17130 -0.21723
v 0.00430 0.34683 -0.20594
v -0.20284 0.20516 -0.16192
v -0.16375 0.38070 -0.15063
v -0.13059 0.08833 0.17109
v -0.06314 0.06124 0.15952
v -0.14964 0.07041 0.10223
v -0.08219 0.04318 0.09052
v -0.08558 0.10780 0.15359
v -0.10816 0.04177 0.17701
v -0.10463 0.08988 0.08459
v -0.12720 0.02385 0.10816
v -0.12890 0.11246 0.12495
v -0.15147 0.04642 0.14837
v -0.06131 0.08523 0.11324
v -0.08389 0.01919 0.13680
v 0.15359 -0.12332 0.03309
v 0.28891 -0.07549 0.03789
v 0.16685 -0.14689 -0.10801
v 0.30231 -0.09905 -0.10322
v 0.19818 -0.03259 0.02222
v 0.24432 -0.16608 0.04889
v 0.21144 -0.05616 -0.11888
v 0.25773 -0.18964 -0.09235
v 0.13708 -0.06829 -0.05073
v 0.18336 -0.20178 -0.02420
v 0.27254 -0.02046 -0.04593
v 0.31868 -0.15394 -0.01926
v -0.36144 0.22520 0.06089
v -0.30782 0.22915 0.07697
v -0.34789 0.24637 0.01051
v -0.29427 0.25032 0.02674
v -0.33942 0.25314 0.07852
v -0.32983 0.20121 0.05933
v -0.32588 0.27431 0.02829
v -0.31628 0.22238 0.00896
v -0.35960 0.26175 0.04536
v -0.34987 0.20982 0.02617
v -0.30584 0.26570 0.06145
v -0.29625 0.21377 0.04226
v -0.03238 0.07591 -0.36440
v -0.17165 0.09341 -0.31826
v 0.00981 0.04713 -0.22569
v -0.12932 0.06477 -0.17970
v -0.11465 0.01284 -0.35241
v -0.08925 0.15662 -0.33025
v -0.07246 -0.01594 -0.21370
v -0.04706 0.12784 -0.19169
v -0.02392 -0.01030 -0.30612
v 0.00148 0.13348 -0.28397
v -0.16319 0.00720 -0.25998
v -0.13779 0.15098 -0.23797
v 0.00459 -0.13870 0.04833
v 0.00176 -0.14012 0.04720
v 0.00360 -0.13955 0.05157
v 0.00078 -0.14096 0.05030
v 0.00388 -0.14096 0.04762
v 0.00233 -0.13800 0.04790
v 0.00303 -0.14167 0.05087
v 0.00134 -0.13870 0.05101
v 0.00487 -0.14068 0.04974
v 0.00332 -0.13758 0.05002
v 0.00205 -0.14209 0.04861
v 0.00049 -0.13899 0.04889
v -0.17913 0.32708 0.04381
v 0.00670 0.26838 0.00981
v -0.24108 0.22097 -0.11126
v -0.05524 0.16213 -0.14527
v -0.07232 0.37590 -0.03224
v -0.10011 0.21956 0.08586
v -0.13426 0.26965 -0.18731
v -0.16206 0.11345 -0.06921
v -0.19620 0.35219 -0.09278
v -0.22400 0.19585 0.02533
v -0.01037 0.29335 -0.12678
v -0.03817 0.13715 -0.00868
v 0.27861 -0.04727 -0.16615
v 0.08163 -0.05334 -0.09786
v 0.34648 -0.09186 0.02603
v 0.14950 -0.09793 0.09433
v 0.17560 -0.15211 -0.15401
v 0.18463 0.05150 -0.10999
v 0.24347 -0.19670 0.03803
v 0.25250 0.00691 0.08219
v 0.30796 -0.17144 -0.09207
v 0.31699 0.03231 -0.04805
v 0.11098 -0.17751 -0.02378
v 0.12001 0.02625 0.02025
v -0.28933 -0.17680 -0.21568
v -0.21793 -0.09651 -0.20876
v -0.32066 -0.17934 -0.27014
v -0.24912 -0.09905 -0.26309
v -0.25208 -0.09031 -0.19112
v -0.25519 -0.18315 -0.23331
v -0.28341 -0.09285 -0.24559
v -0.28637 -0.18555 -0.28764
v -0.30344 -0.13165 -0.22189
v -0.30655 -0.22450 -0.26393
v -0.23204 -0.05136 -0.21483
v -0.23501 -0.14421 -0.25688
v -0.22330 0.05602 0.06695
v -0.03789 0.03937 0.01291
v -0.26323 0.14816 -0.09870
v -0.07782 0.13165 -0.15274
v -0.11055 0.13250 0.08233
v -0.15049 -0.03711 -0.00247
v -0.15063 0.22478 -0.08332
v -0.19042 0.05503 -0.16812
v -0.22330 0.18696 0.02646
v -0.26323 0.01721 -0.05835
v -0.03789 0.17031 -0.02744
v -0.07782 0.00071 -0.11225
v -0.03577 0.11175 0.36962
v 0.09419 0.09948 0.38133
v -0.02222 0.13123 0.24065
v 0.10773 0.11895 0.25250
v 0.03450 0.17003 0.38571
v 0.02406 0.04106 0.36525
v 0.04790 0.18950 0.25688
v 0.03760 0.06053 0.23628
v -0.02378 0.18597 0.31544
v -0.03408 0.05701 0.29484
v 0.10618 0.17370 0.32715
v 0.09588 0.04473 0.30669
v -0.18619 0.03062 -0.30260
v -0.04692 0.06152 -0.33124
v -0.22725 0.10766 -0.41915
v -0.08798 0.13870 -0.44779
v -0.12128 0.10583 -0.27565
v -0.11168 -0.01369 -0.35819
v -0.16248 0.18287 -0.39220
v -0.15274 0.06336 -0.47474
v -0.21158 0.12883 -0.31953
v -0.20199 0.00931 -0.40207
v -0.07217 0.15987 -0.34817
v -0.06258 0.04036 -0.43086
v 0.04409 -0.17215 -0.03831
v -0.07203 -0.09129 -0.01630
v 0.06018 -0.18739 0.10322
v -0.05595 -0.10653 0.12509
v -0.05510 -0.19021 -0.02900
v 0.02702 -0.07309 -0.02561
v -0.03902 -0.20559 0.11253
v 0.04311 -0.08833 0.11578
v 0.01094 -0.23832 0.03069
v 0.09320 -0.12107 0.03408
v -0.10519 -0.15747 0.05270
v -0.02293 -0.04021 0.05609
v -0.12001 0.08861 -0.17038
v 0.01348 0.10653 -0.15768
v -0.11253 0.12544 -0.30034
v 0.02095 0.14336 -0.28764
v -0.06357 0.16199 -0.14639
v -0.04297 0.03316 -0.18181
v -0.05623 0.19881 -0.27621
v -0.03549 0.06999 -0.31163
v -0.12664 0.17144 -0.21765
v -0.10590 0.04261 -0.25307
v 0.00684 0.18936 -0.20495
v 0.02744 0.06053 -0.24037
v -0.19973 -0.07888 0.10943
v -0.10463 -0.07408 0.14442
v -0.17617 -0.01242 0.03633
v -0.08106 -0.00762 0.07133
v -0.16544 -0.03810 0.15740
v -0.13906 -0.11472 0.09630
v -0.14188 0.02822 0.08445
v -0.11549 -0.04840 0.02335
v -0.20114 -0.00734 0.10350
v -0.17490 -0.08396 0.04240
v -0.10604 -0.00254 0.13849
v -0.07979 -0.07916 0.07740
v -0.27946 0.01679 0.02406
v -0.18619 -0.03725 0.02956
v -0.28566 -0.00466 -0.08163
v -0.19239 -0.05870 -0.07613
v -0.20580 0.03528 0.01587
v -0.25984 -0.05574 0.03760
v -0.21201 0.01383 -0.08967
v -0.26605 -0.07718 -0.06808
v -0.25561 0.05164 -0.03972
v -0.30965 -0.03937 -0.01799
v -0.16234 -0.00254 -0.03408
v -0.21624 -0.09341 -0.01249
v -0.13624 0.24580 0.03379
v -0.27071 0.26951 0.09278
v -0.08219 0.21843 0.17744
v -0.21666 0.24227 0.23642
v -0.21229 0.18400 0.05440
v -0.19479 0.33131 0.07217
v -0.15825 0.15662 0.19804
v -0.14075 0.30408 0.21582
v -0.11803 0.15846 0.09673
v -0.10054 0.30577 0.11451
v -0.25250 0.18216 0.15571
v -0.23501 0.32962 0.17349
v 0.18633 0.11429 0.01376
v 0.14371 0.14661 0.03506
v 0.21949 0.12869 0.05849
v 0.17687 0.16100 0.07979
v 0.15514 0.10780 0.03902
v 0.17490 0.15310 0.00967
v 0.18830 0.12220 0.08374
v 0.20806 0.16763 0.05440
v 0.19296 0.09877 0.05087
v 0.21285 0.14421 0.02152
v 0.15035 0.13109 0.07203
v 0.17024 0.17652 0.04268
v -0.42747 0.30464 -0.14992
v -0.31953 0.28348 -0.01446
v -0.29060 0.31071 -0.25801
v -0.18266 0.28954 -0.12255
v -0.36934 0.38070 -0.07203
v -0.37780 0.20756 -0.09235
v -0.23247 0.38676 -0.18012
v -0.24079 0.21363 -0.20044
v -0.35495 0.39438 -0.19381
v -0.36327 0.22111 -0.21412
v -0.24686 0.37322 -0.05835
v -0.25533 0.19994 -0.07867
v 0.20030 0.19994 0.17687
v 0.17701 0.19642 0.18746
v 0.21116 0.18668 0.19620
v 0.18788 0.18315 0.20679
v 0.18731 0.18724 0.17546
v 0.19000 0.20912 0.18887
v 0.19818 0.17398 0.19479
v 0.20086 0.19585 0.20820
v 0.20439 0.18245 0.17984
v 0.20707 0.20432 0.19324
v 0.18111 0.17878 0.19042
v 0.18379 0.20065 0.20382
v -0.27847 -0.00071 0.14230
v -0.34549 -0.00663 0.16488
v -0.27028 0.05771 0.18195
v -0.33745 0.05178 0.20453
v -0.30104 -0.02371 0.18082
v -0.32292 0.01637 0.12636
v -0.29300 0.03471 0.22047
v -0.31487 0.07478 0.16601
v -0.26337 0.00861 0.18943
v -0.28538 0.04854 0.13482
v -0.33053 0.00254 0.21201
v -0.35241 0.04247 0.15740
v -0.23487 -0.24848 -0.12791
v -0.13426 -0.30535 -0.19635
v -0.31092 -0.24975 -0.23868
v -0.21031 -0.30676 -0.30697
v -0.16149 -0.21617 -0.17871
v -0.20777 -0.33766 -0.14541
v -0.23755 -0.21744 -0.28947
v -0.28369 -0.33907 -0.25617
v -0.24982 -0.18837 -0.19987
v -0.29611 -0.30986 -0.16657
v -0.14922 -0.24524 -0.26831
v -0.19550 -0.36687 -0.23501
v 0.18675 -0.09807 0.33237
v 0.31403 -0.03457 0.22414
v 0.11620 -0.18950 0.19592
v 0.24362 -0.12615 0.08770
v 0.19846 0.00367 0.25815
v 0.30231 -0.13631 0.29836
v 0.12805 -0.08791 0.12170
v 0.23176 -0.22774 0.16192
v 0.09955 -0.07380 0.24404
v 0.20340 -0.21377 0.28425
v 0.22696 -0.01044 0.13581
v 0.33068 -0.15028 0.17603
v -0.12382 -0.07239 0.31544
v -0.29752 -0.08650 0.29484
v -0.13553 -0.15465 0.47009
v -0.30923 -0.16876 0.44948
v -0.19973 -0.15662 0.26492
v -0.22174 -0.00226 0.34535
v -0.21130 -0.23889 0.41957
v -0.23331 -0.08438 0.50000
v -0.11860 -0.19063 0.35255
v -0.14075 -0.03626 0.43298
v -0.29230 -0.20474 0.33195
v -0.31445 -0.05037 0.41237
v -0.25787 -0.19754 -0.20707
v -0.07076 -0.24340 -0.24037
v -0.29088 -0.19218 -0.39968
v -0.10378 -0.23804 -0.43298
v -0.14132 -0.12544 -0.22499
v -0.18746 -0.31551 -0.22231
v -0.17433 -0.12008 -0.41760
v -0.22033 -0.31015 -0.41506
v -0.25138 -0.09990 -0.30471
v -0.29752 -0.28983 -0.30203
v -0.06427 -0.14576 -0.33787
v -0.11027 -0.33569 -0.33533
v 0.18308 -0.16763 -0.38881
v 0.22654 -0.16834 -0.34972
v 0.20735 -0.21307 -0.41661
v 0.25081 -0.21377 -0.37752
v 0.22019 -0.14957 -0.38599
v 0.18943 -0.18640 -0.35255
v 0.24446 -0.19500 -0.41379
v 0.21370 -0.23183 -0.38034
v 0.21060 -0.17186 -0.41943
v 0.17984 -0.20869 -0.38599
v 0.25406 -0.17257 -0.38034
v 0.22330 -0.20954 -0.34690
v -0.31276 -0.34373 -0.24601
v -0.43156 -0.31508 -0.17306
v -0.25420 -0.39960 -0.12890
v -0.37315 -0.37096 -0.05595
v -0.39826 -0.39326 -0.22711
v -0.34606 -0.26556 -0.19211
v -0.33971 -0.44913 -0.10985
v -0.28764 -0.32143 -0.07500
v -0.30951 -0.43559 -0.20495
v -0.25744 -0.30775 -0.16996
v -0.42846 -0.40694 -0.13200
v -0.37625 -0.27924 -0.09715
v -0.05962 0.25737 0.12255
v 0.02942 0.36701 0.19987
v -0.02166 0.32567 -0.01813
v 0.06738 0.43530 0.05919
v -0.07951 0.36010 0.16714
v 0.04917 0.26415 0.15528
v -0.04141 0.42853 0.02646
v 0.08727 0.33258 0.01460
v -0.10491 0.33949 0.05821
v 0.02363 0.24354 0.04621
v -0.01602 0.44913 0.13553
v 0.11267 0.35318 0.12354
v -0.20016 0.02371 0.00444
v -0.17137 0.01623 0.01503
v -0.19098 0.01736 -0.02505
v -0.16220 0.00988 -0.01446
v -0.18125 0.03499 0.00797
v -0.19028 0.00494 0.01150
v -0.17193 0.02864 -0.02152
v -0.18111 -0.00141 -0.01799
v -0.19098 0.03556 -0.01206
v -0.20016 0.00550 -0.00854
v -0.16220 0.02808 -0.00148
v -0.17137 -0.00198 0.00205
v -0.37569 -0.09708 -0.09447
v -0.37893 -0.09722 -0.09532
v -0.37653 -0.09793 -0.09136
v -0.37964 -0.09807 -0.09221
v -0.37710 -0.09877 -0.09517
v -0.37752 -0.09567 -0.09447
v -0.37780 -0.09948 -0.09221
v -0.37823 -0.09637 -0.09151
v -0.37597 -0.09905 -0.09334
v -0.37639 -0.09595 -0.09249
v -0.37907 -0.09920 -0.09419
v -0.37950 -0.09609 -0.09334
v 0.03775 0.32327 0.10801
v -0.03154 0.36207 0.07641
v 0.01305 0.34359 0.18717
v -0.05623 0.38225 0.15571
v -0.01856 0.30591 0.09489
v 0.02490 0.37929 0.08953
v -0.04325 0.32623 0.17405
v 0.00021 0.39960 0.16883
v 0.00374 0.29674 0.15020
v 0.04720 0.37011 0.14498
v -0.06554 0.33540 0.11874
v -0.02208 0.40892 0.11338
v -0.16756 -0.34020 0.07232
v -0.30528 -0.28686 0.03887
v -0.21935 -0.39072 0.20538
v -0.35706 -0.33724 0.17193
v -0.25420 -0.37971 0.02349
v -0.21850 -0.24721 0.08770
v -0.30612 -0.43022 0.15655
v -0.27042 -0.29773 0.22076
v -0.21130 -0.43164 0.10674
v -0.17560 -0.29928 0.17095
v -0.34902 -0.37830 0.07330
v -0.31332 -0.24580 0.13751
v -0.12537 -0.04134 0.15387
v -0.25462 -0.10103 0.14089
v -0.16389 0.01453 0.27974
v -0.29314 -0.04515 0.26676
v -0.16629 -0.12982 0.18068
v -0.21370 -0.01242 0.11408
v -0.20481 -0.07394 0.30655
v -0.25222 0.04332 0.23995
v -0.12086 -0.07210 0.25011
v -0.16827 0.04529 0.18351
v -0.25025 -0.13165 0.23712
v -0.29766 -0.01439 0.17052
v 0.06117 0.15013 -0.01602
v -0.03069 0.05221 -0.01799
v 0.03718 0.17003 0.11451
v -0.05468 0.07210 0.11267
v 0.06272 0.05630 -0.00148
v -0.03224 0.14604 -0.03252
v 0.03873 0.07620 0.12918
v -0.05623 0.16594 0.09800
v 0.09673 0.11528 0.06484
v 0.00176 0.20488 0.03365
v 0.00487 0.01736 0.06286
v -0.09009 0.10710 0.03182
v 0.31840 -0.02145 0.09828
v 0.41548 -0.00155 0.10914
v 0.33406 -0.04515 0.00275
v 0.43100 -0.02526 0.01362
v 0.35876 0.03584 0.09052
v 0.37512 -0.05884 0.11676
v 0.37428 0.01213 -0.00501
v 0.39079 -0.08255 0.02138
v 0.31798 0.01411 0.03732
v 0.33449 -0.08071 0.06357
v 0.41506 0.03401 0.04819
v 0.43156 -0.06082 0.07457
v -0.01968 0.23085 0.13990
v -0.14498 0.13743 0.17814
v 0.07824 0.13377 0.22301
v -0.04720 0.04036 0.26125
v -0.06978 0.14012 0.09278
v -0.09489 0.22816 0.22527
v 0.02815 0.04304 0.17603
v 0.00289 0.13109 0.30838
v 0.04184 0.13828 0.11521
v 0.01672 0.22633 0.24771
v -0.08346 0.04487 0.15345
v -0.10872 0.13292 0.28595
v -0.04057 0.14886 -0.02138
v -0.24615 0.14280 -0.00825
v -0.03323 0.26513 0.14837
v -0.23868 0.25921 0.16149
v -0.13722 0.06096 0.04311
v -0.14950 0.23085 -0.07274
v -0.12974 0.17723 0.21285
v -0.14216 0.34711 0.09701
v -0.03069 0.12205 0.12142
v -0.04311 0.29194 0.00557
v -0.23614 0.11613 0.13454
v -0.24855 0.28602 0.01870
v 0.09856 0.24510 -0.21554
v 0.04254 0.21645 -0.17490
v 0.11267 0.29462 -0.16121
v 0.05665 0.26612 -0.12057
v 0.09447 0.20658 -0.17941
v 0.04678 0.25483 -0.21116
v 0.10858 0.25624 -0.12509
v 0.06089 0.30450 -0.15670
v 0.12946 0.24566 -0.17250
v 0.08177 0.29406 -0.20425
v 0.07344 0.21716 -0.13186
v 0.02575 0.26542 -0.16361
v -0.18012 0.15888 -0.13892
v -0.16573 0.15945 -0.13652
v -0.17786 0.15493 -0.15274
v -0.16333 0.15550 -0.15049
v -0.17292 0.16622 -0.13976
v -0.17306 0.15211 -0.13567
v -0.17052 0.16227 -0.15359
v -0.17066 0.14816 -0.14964
v -0.17899 0.16396 -0.14781
v -0.17913 0.14985 -0.14385
v -0.16446 0.16453 -0.14555
v -0.16460 0.15042 -0.14146
v -0.05327 0.01453 0.29131
v 0.12636 -0.05094 0.36384
v 0.03394 0.05418 0.11084
v 0.21370 -0.01129 0.18322
v 0.05835 0.07662 0.35904
v 0.01475 -0.11302 0.29625
v 0.14569 0.11627 0.17843
v 0.10195 -0.07337 0.11563
v 0.01221 0.12911 0.23247
v -0.03154 -0.06053 0.16968
v 0.19183 0.06378 0.30485
v 0.14823 -0.12586 0.24206
v -0.10364 -0.17511 0.23543
v -0.10054 -0.17356 0.23543
v -0.10350 -0.17567 0.23204
v -0.10040 -0.17398 0.23204
v -0.10293 -0.17285 0.23515
v -0.10124 -0.17581 0.23571
v -0.10279 -0.17328 0.23176
v -0.10110 -0.17638 0.23233
v -0.10435 -0.17384 0.23360
v -0.10279 -0.17680 0.23402
v -0.10124 -0.17229 0.23346
v -0.09969 -0.17525 0.23402
v 0.02025 0.06406 -0.33900
v -0.17222 0.11500 -0.33590
v 0.00811 0.00663 -0.14851
v -0.18449 0.05771 -0.14555
v -0.10082 -0.00240 -0.36666
v -0.05115 0.18146 -0.30810
v -0.11295 -0.05969 -0.17631
v -0.06343 0.12417 -0.11775
v -0.01065 -0.05658 -0.27296
v 0.03902 0.12728 -0.21441
v -0.20312 -0.00564 -0.27000
v -0.15359 0.17821 -0.21144
# 672 verticies
vt 1.00000 1.00000
vt 0.00000 0.00000
vt 0.00000 1.00000
vt 1.00000 0.00000
# 4 texture verticies
vn -0.52126 -0.75051 0.40623
vn -0.85320 0.44067 -0.27904
vn 0.03055 -0.49209 -0.87001
vn 0.09574 0.99523 -0.01850
vn 0.97855 0.15760 -0.13267
vn 0.23082 0.10295 0.96753
vn -0.22203 -0.86722 -0.44568
vn -0.96030 0.11501 0.25415
vn -0.16973 0.48425 -0.85831
vn 0.14720 0.66522 -0.73199
vn 0.88223 -0.42302 -0.20669
vn 0.44722 0.61533 0.64912
vn 0.12142 -0.95210 -0.28064
vn -0.96050 -0.04183 -0.27512
vn 0.25018 0.30327 -0.91948
vn 0.41737 -0.90552 0.07640
vn -0.81552 -0.33699 0.47049
vn -0.39988 -0.25828 -0.87942
vn 0.03056 0.98432 -0.17370
vn 0.75372 0.09170 0.65076
vn -0.65640 0.15043 0.73926
vn -0.05872 0.97253 0.22524
vn 0.88455 0.15520 -0.43986
vn 0.46317 -0.17288 0.86924
vn 0.07321 -0.95976 0.27111
vn -0.62318 0.30234 -0.72128
vn 0.90564 0.16247 -0.39169
vn 0.06353 0.99714 -0.04101
vn 0.99020 -0.05792 0.12709
vn -0.12468 0.04826 0.99102
vn 0.29992 0.54355 -0.78397
vn 0.76565 -0.62731 -0.14235
vn 0.56950 0.55744 0.60409
vn -0.07481 0.97571 0.20592
vn 0.99335 0.05469 0.10135
vn -0.08767 -0.21235 0.97325
vn 0.30159 0.80102 0.51712
vn 0.60965 -0.57909 0.54128
vn -0.73338 -0.15198 0.66261
vn -0.84184 0.50735 0.18413
vn 0.38928 0.80751 -0.44316
vn 0.37384 0.30149 0.87712
vn -0.21718 -0.97411 -0.06274
vn -0.93285 0.18818 0.30720
vn -0.28707 0.12544 -0.94966
vn 0.30650 0.89698 -0.31857
vn 0.91593 -0.36910 -0.15761
vn 0.25899 0.24371 0.93463
vn -0.32161 0.92864 -0.18492
vn 0.94236 0.33288 0.03377
vn -0.09250 0.16409 0.98210
vn -0.17130 0.92403 0.34179
vn 0.95529 0.07076 0.28707
vn -0.24045 -0.37556 0.89506
vn -0.17206 -0.97367 -0.14955
vn -0.94258 0.11903 0.31205
vn -0.28547 0.19460 -0.93842
vn 0.46574 -0.88161 -0.07642
vn -0.84197 -0.41415 -0.34579
vn 0.27265 0.22520 -0.93539
vn 0.14077 0.78991 -0.59685
vn 0.93945 -0.29679 -0.17132
vn 0.31297 0.53663 0.78363
vn -0.04343 -0.97641 -0.21153
vn -0.94444 -0.02896 0.32742
vn -0.32574 0.21395 -0.92093
vn -0.70695 0.59676 0.37961
vn 0.84546 0.19709 -0.49634
vn 0.36026 -0.39484 0.84517
vn 0.20594 0.87525 0.43763
vn 0.95661 -0.08609 -0.27837
vn 0.20589 -0.47613 0.85493
vn 0.07882 0.98447 0.15684
vn 0.99148 -0.09408 0.09006
vn -0.10293 -0.14877 0.98350
vn -0.06595 0.82110 0.56697
vn 0.95696 0.21310 -0.19702
vn 0.28216 -0.52975 0.79985
vn -0.57406 -0.81848 -0.02332
vn -0.81086 0.56471 0.15365
vn -0.11262 0.10699 -0.98786
vn -0.15281 0.95306 0.26139
vn 0.98668 0.13268 0.09408
vn -0.05470 -0.27272 0.96054
vn -0.25969 0.75494 0.60218
vn 0.93747 0.04663 0.34492
vn -0.23247 -0.65396 0.71992
vn 0.50039 0.84230 -0.20032
vn 0.86386 -0.50110 0.05148
vn 0.05713 0.19873 0.97839
vn -0.21637 -0.97087 -0.10296
vn -0.92953 0.06674 0.36265
vn -0.37326 0.15526 -0.91464
vn -0.34356 -0.78851 0.51012
vn -0.74069 0.56135 0.36914
vn -0.57745 -0.25093 -0.77691
vn 0.04827 0.99200 0.11666
vn 0.61860 -0.12147 0.77626
vn -0.78431 -0.03459 0.61940
vn -0.10692 -0.84736 -0.52015
vn -0.90148 -0.13832 0.41013
vn -0.41970 0.51217 -0.74936
vn 0.30795 -0.56283 0.76706
vn -0.94434 -0.08526 0.31773
vn -0.11345 -0.82232 -0.55760
vn 0.34423 0.90562 -0.24772
vn 0.74896 -0.42396 -0.50923
vn 0.56612 0.01045 0.82425
vn -0.58060 0.78244 -0.22516
vn 0.71246 0.35462 -0.60551
vn 0.39419 0.51164 0.76344
vn 0.12546 -0.87984 -0.45842
vn -0.98982 -0.08041 -0.11740
vn 0.06598 0.46831 -0.88110
vn 0.23569 0.97173 -0.01368
vn 0.95697 -0.23482 -0.17049
vn 0.16890 -0.02735 0.98525
vn 0.52511 0.62964 -0.57255
vn 0.74384 -0.01206 0.66825
vn -0.41413 0.77679 0.47444
vn -0.36669 -0.89743 -0.24527
vn -0.83490 0.20108 0.51236
vn -0.41100 0.39250 -0.82281
vn -0.79916 0.59655 0.07397
vn 0.55256 0.68125 0.48017
vn -0.23563 -0.42462 0.87417
vn 0.28879 0.95084 -0.11182
vn 0.91209 -0.23808 0.33379
vn -0.29032 0.19864 0.93609
vn 0.12390 -0.96544 -0.22929
vn -0.96367 -0.06194 -0.25982
vn 0.23651 0.25341 -0.93800
vn -0.50832 -0.85900 0.06113
vn -0.81127 0.45348 -0.36905
vn 0.28879 -0.23731 -0.92751
vn -0.23647 -0.87430 -0.42388
vn -0.90917 0.35290 -0.22106
vn 0.34269 0.33303 -0.87844
vn 0.33142 -0.82051 0.46576
vn -0.90413 -0.41748 -0.09090
vn 0.26930 -0.39069 -0.88025
vn 0.70691 -0.66831 0.23162
vn -0.68416 -0.72918 -0.01447
vn 0.17859 -0.14883 -0.97260
vn -0.16562 0.95028 -0.26370
vn 0.97379 0.19942 0.10936
vn -0.15677 0.23878 0.95833
vn 0.15678 -0.54673 -0.82250
vn -0.77854 -0.58069 0.23807
vn -0.60747 0.60345 -0.51655
vn 0.06034 -0.82467 0.56239
vn -0.99756 -0.02896 0.06355
vn -0.03620 -0.56469 -0.82451
vn 0.63707 -0.64431 0.42310
vn -0.74792 -0.38200 0.54285
vn -0.18822 -0.66281 -0.72475
vn 0.00885 0.96185 -0.27344
vn 0.98686 0.03539 0.15764
vn -0.16164 0.27100 0.94891
vn 0.21393 0.92728 0.30722
vn 0.87862 -0.31994 0.35450
vn -0.42711 -0.19385 0.88318
vn -0.46572 0.87192 -0.15122
vn 0.88375 0.46721 -0.02654
vn -0.04744 0.14554 0.98821
vn -0.24847 -0.92311 -0.29350
vn -0.96663 0.25573 0.01528
vn 0.06114 0.28799 -0.95568
# 168 normals
f  4/1/1 1/2/1 3/3/1
f  1/2/1 4/1/1 2/4/1
f  8/1/2 5/2/2 7/3/2
f  5/2/2 8/1/2 6/4/2
f  12/1/3 9/2/3 11/3/3
f  9/2/3 12/1/3 10/4/3
f  13/2/4 16/1/4 15/3/4
f  16/1/4 13/2/4 14/4/4
f  17/2/5 20/1/5 19/3/5
f  20/1/5 17/2/5 18/4/5
f  21/2/6 24/1/6 23/3/6
f  24/1/6 21/2/6 22/4/6
f  28/1/7 25/2/7 27/3/7
f  25/2/7 28/1/7 26/4/7
f  32/1/8 29/2/8 31/3/8
f  29/2/8 32/1/8 30/4/8
f  36/1/9 33/2/9 35/3/9
f  33/2/9 36/1/9 34/4/9
f  37/2/10 40/1/10 39/3/10
f  40/1/10 37/2/10 38/4/10
f  41/2/11 44/1/11 43/3/11
f  44/1/11 41/2/11 42/4/11
f  45/2/12 48/1/12 47/3/12
f  48/1/12 45/2/12 46/4/12
f  52/1/13 49/2/13 51/3/13
f  49/2/13 52/1/13 50/4/13
f  56/1/14 53/2/14 55/3/14
f  53/2/14 56/1/14 54/4/14
f  60/1/15 57/2/15 59/3/15
f  57/2/15 60/1/15 58/4/15
f  64/1/16 61/2/16 63/3/16
f  61/2/16 64/1/16 62/4/16
f  68/1/17 65/2/17 67/3/17
f  65/2/17 68/1/17 66/4/17
f  72/1/18 69/2/18 71/3/18
f  69/2/18 72/1/18 70/4/18
f  73/2/19 76/1/19 75/3/19
f  76/1/19 73/2/19 74/4/19
f  77/2/20 80/1/20 79/3/20
f  80/1/20 77/2/20 78/4/20
f  81/2/21 84/1/21 83/3/21
f  84/1/21 81/2/21 82/4/21
f  85/2/22 88/1/22 87/3/22
f  88/1/22 85/2/22 86/4/22
f  89/2/23 92/1/23 91/3/23
f  92/1/23 89/2/23 90/4/23
f  93/2/24 96/1/24 95/3/24
f  96/1/24 93/2/24 94/4/24
f  100/1/25 97/2/25 99/3/25
f  97/2/25 100/1/25 98/4/25
f  104/1/26 101/2/26 103/3/26
f  101/2/26 104/1/26 102/4/26
f  108/1/27 105/2/27 107/3/27
f  105/2/27 108/1/27 106/4/27
f  109/2/28 112/1/28 111/3/28
f  112/1/28 109/2/28 110/4/28
f  113/2/29 116/1/29 115/3/29
f  116/1/29 113/2/29 114/4/29
f  117/2/30 120/1/30 119/3/30
f  120/1/30 117/2/30 118/4/30
f  121/2/31 124/1/31 123/3/31
f  124/1/31 121/2/31 122/4/31
f  125/2/32 128/1/32 127/3/32
f  128/1/32 125/2/32 126/4/32
f  129/2/33 132/1/33 131/3/33
f  132/1/33 129/2/33 130/4/33
f  133/2/34 136/1/34 135/3/34
f  136/1/34 133/2/34 134/4/34
f  137/2/35 140/1/35 139/3/35
f  140/1/35 137/2/35 138/4/35
f  141/2/36 144/1/36 143/3/36
f  144/1/36 141/2/36 142/4/36
f  145/2/37 148/1/37 147/3/37
f  148/1/37 145/2/37 146/4/37
f  149/2/38 152/1/38 151/3/38
f  152/1/38 149/2/38 150/4/38
f  153/2/39 156/1/39 155/3/39
f  156/1/39 153/2/39 154/4/39
f  157/2/40 160/1/40 159/3/40
f  160/1/40 157/2/40 158/4/40
f  161/2/41 164/1/41 163/3/41
f  164/1/41 161/2/41 162/4/41
f  165/2/42 168/1/42 167/3/42
f  168/1/42 165/2/42 166/4/42
f  172/1/43 169/2/43 171/3/43
f  169/2/43 172/1/43 170/4/43
f  176/1/44 173/2/44 175/3/44
f  173/2/44 176/1/44 174/4/44
f  180/1/45 177/2/45 179/3/45
f  177/2/45 180/1/45 178/4/45
f  181/2/46 184/1/46 183/3/46
f  184/1/46 181/2/46 182/4/46
f  185/2/47 188/1/47 187/3/47
f  188/1/47 185/2/47 186/4/47
f  189/2/48 192/1/48 191/3/48
f  192/1/48 189/2/48 190/4/48
f  193/2/49 196/1/49 195/3/49
f  196/1/49 193/2/49 194/4/49
f  197/2/50 200/1/50 199/3/50
f  200/1/50 197/2/50 198/4/50
f  201/2/51 204/1/51 203/3/51
f  204/1/51 201/2/51 202/4/51
f  205/2/52 208/1/52 207/3/52
f  208/1/52 205/2/52 206/4/52
f  209/2/53 212/1/53 211/3/53
f  212/1/53 209/2/53 210/4/53
f  213/2/54 216/1/54 215/3/54
f  216/1/54 213/2/54 214/4/54
f  220/1/55 217/2/55 219/3/55
f  217/2/55 220/1/55 218/4/55
f  224/1/56 221/2/56 223/3/56
f  221/2/56 224/1/56 222/4/56
f  228/1/57 225/2/57 227/3/57
f  225/2/57 228/1/57 226/4/57
f  232/1/58 229/2/58 231/3/58
f  229/2/58 232/1/58 230/4/58
f  236/1/59 233/2/59 235/3/59
f  233/2/59 236/1/59 234/4/59
f  240/1/60 237/2/60 239/3/60
f  237/2/60 240/1/60 238/4/60
f  241/2/61 244/1/61 243/3/61
f  244/1/61 241/2/61 242/4/61
f  245/2/62 248/1/62 247/3/62
f  248/1/62 245/2/62 246/4/62
f  249/2/63 252/1/63 251/3/63
f  252/1/63 249/2/63 250/4/63
f  256/1/64 253/2/64 255/3/64
f  253/2/64 256/1/64 254/4/64
f  260/1/65 257/2/65 259/3/65
f  257/2/65 260/1/65 258/4/65
f  264/1/66 261/2/66 263/3/66
f  261/2/66 264/1/66 262/4/66
f  265/2/67 268/1/67 267/3/67
f  268/1/67 265/2/67 266/4/67
f  269/2/68 272/1/68 271/3/68
f  272/1/68 269/2/68 270/4/68
f  273/2/69 276/1/69 275/3/69
f  276/1/69 273/2/69 274/4/69
f  277/2/70 280/1/70 279/3/70
f  280/1/70 277/2/70 278/4/70
f  281/2/71 284/1/71 283/3/71
f  284/1/71 281/2/71 282/4/71
f  285/2/72 288/1/72 287/3/72
f  288/1/72 285/2/72 286/4/72
f  289/2/73 292/1/73 291/3/73
f  292/1/73 289/2/73 290/4/73
f  293/2/74 296/1/74 295/3/74
f  296/1/74 293/2/74 294/4/74
f  297/2/75 300/1/75 299/3/75
f  300/1/75 297/2/75 298/4/75
f  301/2/76 304/1/76 303/3/76
f  304/1/76 301/2/76 302/4/76
f  305/2/77 308/1/77 307/3/77
f  308/1/77 305/2/77 306/4/77
f  309/2/78 312/1/78 311/3/78
f  312/1/78 309/2/78 310/4/78
f  316/1/79 313/2/79 315/3/79
f  313/2/79 316/1/79 314/4/79
f  320/1/80 317/2/80 319/3/80
f  317/2/80 320/1/80 318/4/80
f  324/1/81 321/2/81 323/3/81
f  321/2/81 324/1/81 322/4/81
f  325/2/82 328/1/82 327/3/82
f  328/1/82 325/2/82 326/4/82
f  329/2/83 332/1/83 331/3/83
f  332/1/83 329/2/83 330/4/83
f  333/2/84 336/1/84 335/3/84
f  336/1/84 333/2/84 334/4/84
f  337/2/85 340/1/85 339/3/85
f  340/1/85 337/2/85 338/4/85
f  341/2/86 344/1/86 343/3/86
f  344/1/86 341/2/86 342/4/86
f  345/2/87 348/1/87 347/3/87
f  348/1/87 345/2/87 346/4/87
f  349/2/88 352/1/88 351/3/88
f  352/1/88 349/2/88 350/4/88
f  353/2/89 356/1/89 355/3/89
f  356/1/89 353/2/89 354/4/89
f  357/2/90 360/1/90 359/3/90
f  360/1/90 357/2/90 358/4/90
f  364/1/91 361/2/91 363/3/91
f  361/2/91 364/1/91 362/4/91
f  368/1/92 365/2/92 367/3/92
f  365/2/92 368/1/92 366/4/92
f  372/1/93 369/2/93 371/3/93
f  369/2/93 372/1/93 370/4/93
f  376/1/94 373/2/94 375/3/94
f  373/2/94 376/1/94 374/4/94
f  380/1/95 377/2/95 379/3/95
f  377/2/95 380/1/95 378/4/95
f  384/1/96 381/2/96 383/3/96
f  381/2/96 384/1/96 382/4/96
f  385/2/97 388/1/97 387/3/97
f  388/1/97 385/2/97 386/4/97
f  389/2/98 392/1/98 391/3/98
f  392/1/98 389/2/98 390/4/98
f  393/2/99 396/1/99 395/3/99
f  396/1/99 393/2/99 394/4/99
f  400/1/100 397/2/100 399/3/100
f  397/2/100 400/1/100 398/4/100
f  404/1/101 401/2/101 403/3/101
f  401/2/101 404/1/101 402/4/101
f  408/1/102 405/2/102 407/3/102
f  405/2/102 408/1/102 406/4/102
f  412/1/103 409/2/103 411/3/103
f  409/2/103 412/1/103 410/4/103
f  416/1/104 413/2/104 415/3/104
f  413/2/104 416/1/104 414/4/104
f  420/1/105 417/2/105 419/3/105
f  417/2/105 420/1/105 418/4/105
f  421/2/106 424/1/106 423/3/106
f  424/1/106 421/2/106 422/4/106
f  425/2/107 428/1/107 427/3/107
f  428/1/107 425/2/107 426/4/107
f  429/2/108 432/1/108 431/3/108
f  432/1/108 429/2/108 430/4/108
f  433/2/109 436/1/109 435/3/109
f  436/1/109 433/2/109 434/4/109
f  437/2/110 440/1/110 439/3/110
f  440/1/110 437/2/110 438/4/110
f  441/2/111 444/1/111 443/3/111
f  444/1/111 441/2/111 442/4/111
f  448/1/112 445/2/112 447/3/112
f  445/2/112 448/1/112 446/4/112
f  452/1/113 449/2/113 451/3/113
f  449/2/113 452/1/113 450/4/113
f  456/1/114 453/2/114 455/3/114
f  453/2/114 456/1/114 454/4/114
f  457/2/115 460/1/115 459/3/115
f  460/1/115 457/2/115 458/4/115
f  461/2/116 464/1/116 463/3/116
f  464/1/116 461/2/116 462/4/116
f  465/2/117 468/1/117 467/3/117
f  468/1/117 465/2/117 466/4/117
f  469/2/118 472/1/118 471/3/118
f  472/1/118 469/2/118 470/4/118
f  473/2/119 476/1/119 475/3/119
f  476/1/119 473/2/119 474/4/119
f  477/2/120 480/1/120 479/3/120
f  480/1/120 477/2/120 478/4/120
f  484/1/121 481/2/121 483/3/121
f  481/2/121 484/1/121 482/4/121
f  488/1/122 485/2/122 487/3/122
f  485/2/122 488/1/122 486/4/122
f  492/1/123 489/2/123 491/3/123
f  489/2/123 492/1/123 490/4/123
f  493/2/124 496/1/124 495/3/124
f  496/1/124 493/2/124 494/4/124
f  497/2/125 500/1/125 499/3/125
f  500/1/125 497/2/125 498/4/125
f  501/2/126 504/1/126 503/3/126
f  504/1/126 501/2/126 502/4/126
f  505/2/127 508/1/127 507/3/127
f  508/1/127 505/2/127 506/4/127
f  509/2/128 512/1/128 511/3/128
f  512/1/128 509/2/128 510/4/128
f  513/2/129 516/1/129 515/3/129
f  516/1/129 513/2/129 514/4/129
f  520/1/130 517/2/130 519/3/130
f  517/2/130 520/1/130 518/4/130
f  524/1/131 521/2/131 523/3/131
f  521/2/131 524/1/131 522/4/131
f  528/1/132 525/2/132 527/3/132
f  525/2/132 528/1/132 526/4/132
f  532/1/133 529/2/133 531/3/133
f  529/2/133 532/1/133 530/4/133
f  536/1/134 533/2/134 535/3/134
f  533/2/134 536/1/134 534/4/134
f  540/1/135 537/2/135 539/3/135
f  537/2/135 540/1/135 538/4/135
f  544/1/136 541/2/136 543/3/136
f  541/2/136 544/1/136 542/4/136
f  548/1/137 545/2/137 547/3/137
f  545/2/137 548/1/137 546/4/137
f  552/1/138 549/2/138 551/3/138
f  549/2/138 552/1/138 550/4/138
f  556/1/139 553/2/139 555/3/139
f  553/2/139 556/1/139 554/4/139
f  560/1/140 557/2/140 559/3/140
f  557/2/140 560/1/140 558/4/140
f  564/1/141 561/2/141 563/3/141
f  561/2/141 564/1/141 562/4/141
f  568/1/142 565/2/142 567/3/142
f  565/2/142 568/1/142 566/4/142
f  572/1/143 569/2/143 571/3/143
f  569/2/143 572/1/143 570/4/143
f  576/1/144 573/2/144 575/3/144
f  573/2/144 576/1/144 574/4/144
f  577/2/145 580/1/145 579/3/145
f  580/1/145 577/2/145 578/4/145
f  581/2/146 584/1/146 583/3/146
f  584/1/146 581/2/146 582/4/146
f  585/2/147 588/1/147 587/3/147
f  588/1/147 585/2/147 586/4/147
f  592/1/148 589/2/148 591/3/148
f  589/2/148 592/1/148 590/4/148
f  596/1/149 593/2/149 595/3/149
f  593/2/149 596/1/149 594/4/149
f  600/1/150 597/2/150 599/3/150
f  597/2/150 600/1/150 598/4/150
f  604/1/151 601/2/151 603/3/151
f  601/2/151 604/1/151 602/4/151
f  608/1/152 605/2/152 607/3/152
f  605/2/152 608/1/152 606/4/152
f  612/1/153 609/2/153 611/3/153
f  609/2/153 612/1/153 610/4/153
f  616/1/154 613/2/154 615/3/154
f  613/2/154 616/1/154 614/4/154
f  620/1/155 617/2/155 619/3/155
f  617/2/155 620/1/155 618/4/155
f  624/1/156 621/2/156 623/3/156
f  621/2/156 624/1/156 622/4/156
f  625/2/157 628/1/157 627/3/157
f  628/1/157 625/2/157 626/4/157
f  629/2/158 632/1/158 631/3/158
f  632/1/158 629/2/158 630/4/158
f  633/2/159 636/1/159 635/3/159
f  636/1/159 633/2/159 634/4/159
f  637/2/160 640/1/160 639/3/160
f  640/1/160 637/2/160 638/4/160
f  641/2/161 644/1/161 643/3/161
f  644/1/161 641/2/161 642/4/161
f  645/2/162 648/1/162 647/3/162
f  648/1/162 645/2/162 646/4/162
f  649/2/163 652/1/163 651/3/163
f  652/1/163 649/2/163 650/4/163
f  653/2/164 656/1/164 655/3/164
f  656/1/164 653/2/164 654/4/164
f  657/2/165 660/1/165 659/3/165
f  660/1/165 657/2/165 658/4/165
f  664/1/166 661/2/166 663/3/166
f  661/2/166 664/1/166 662/4/166
f  668/1/167 665/2/167 667/3/167
f  665/2/167 668/1/167 666/4/167
f  672/1/168 669/2/168 671/3/168
f  669/2/168 672/1/168 670/4/168
