# 
# Wavefront OBJ file
# Converted by the DEEP Exploration Deep Exploration 5 5.0.5.1846 Release
# Right Hemisphere, LTD
# http://www.righthemisphere.com/
# 
# object puff01
g puff01
v 0.05918 -0.34817 0.42943
v 0.10369 -0.21291 0.11542
v -0.28209 -0.30987 0.39769
v -0.23758 -0.17460 0.08333
v 0.09265 -0.12319 0.34179
v 0.07022 -0.43823 0.20307
v -0.24862 -0.08454 0.31004
v -0.27139 -0.39959 0.17133
v -0.10024 -0.17150 0.48292
v -0.12267 -0.48654 0.34420
v -0.05573 -0.03623 0.16891
v -0.07816 -0.35128 0.02985
v 0.29003 0.13492 -0.21618
v 0.19065 0.36991 -0.44841
v -0.02398 0.14251 -0.07367
v -0.12371 0.37750 -0.30590
v 0.29141 0.37854 -0.22654
v 0.18927 0.12629 -0.43841
v -0.02260 0.38613 -0.08402
v -0.12474 0.13389 -0.29589
v 0.18409 0.26501 -0.03916
v 0.08195 0.01242 -0.25104
v 0.08471 0.50000 -0.27105
v -0.01777 0.24776 -0.48292
v -0.04745 0.12698 -0.05849
v 0.13337 0.35473 -0.24413
v -0.31177 0.15769 -0.27795
v -0.13130 0.38544 -0.46360
v -0.02122 0.36957 -0.05607
v 0.10714 0.11215 -0.24689
v -0.28554 0.40028 -0.27553
v -0.15752 0.14320 -0.46636
v -0.24379 0.27088 -0.07264
v -0.11542 0.01380 -0.26346
v -0.06297 0.49896 -0.25863
v 0.06539 0.24155 -0.44945
v 0.43737 0.11905 -0.42012
v 0.14337 0.28330 -0.34489
v 0.36836 -0.11594 -0.17719
v 0.07436 0.04831 -0.10197
v 0.37388 0.29710 -0.26587
v 0.20687 0.10524 -0.49914
v 0.30452 0.06211 -0.02295
v 0.13785 -0.12974 -0.25621
v 0.48637 0.09765 -0.18202
v 0.31936 -0.09455 -0.41529
v 0.19237 0.26190 -0.10680
v 0.02536 0.06970 -0.34006
v 0.26484 -0.07591 -0.29486
v 0.14303 0.19565 -0.46946
v 0.02364 -0.02795 -0.05262
v -0.09817 0.24327 -0.22757
v 0.31108 0.16356 -0.29589
v 0.09645 -0.04417 -0.46843
v 0.07022 0.21153 -0.05366
v -0.14475 0.00380 -0.22654
v 0.25138 0.05176 -0.08713
v 0.03675 -0.15597 -0.26001
v 0.12992 0.32333 -0.26208
v -0.08506 0.11560 -0.43496
v -0.08264 -0.07074 -0.07229
v 0.14372 0.14355 -0.22032
v -0.32212 0.02381 -0.30176
v -0.09576 0.23810 -0.45014
v -0.02053 0.16322 -0.04089
v 0.08161 -0.09006 -0.25138
v -0.26001 0.25776 -0.27070
v -0.15787 0.00414 -0.48119
v -0.25345 0.10352 -0.08161
v -0.15131 -0.15010 -0.29244
v -0.02709 0.31746 -0.22964
v 0.07505 0.06418 -0.44048
v -0.37008 0.07143 -0.04296
v -0.05021 0.13837 -0.15269
v -0.47360 0.02899 -0.36939
v -0.15338 0.09593 -0.47947
v -0.24862 0.27295 -0.10749
v -0.17167 -0.06280 -0.08816
v -0.35179 0.23050 -0.43392
v -0.27519 -0.10559 -0.41460
v -0.46014 0.21808 -0.21584
v -0.38354 -0.11767 -0.19617
v -0.14027 0.28502 -0.32591
v -0.06332 -0.05072 -0.30625
v 0.34006 -0.10283 -0.48982
v 0.19375 0.14424 -0.29796
v 0.31798 -0.32195 -0.22412
v 0.17167 -0.07488 -0.03226
v 0.42288 0.07074 -0.33972
v 0.11094 -0.02933 -0.44807
v 0.40079 -0.14838 -0.07402
v 0.08885 -0.24845 -0.18237
v 0.48464 -0.16218 -0.30245
v 0.17305 -0.26259 -0.41115
v 0.33868 0.08489 -0.11094
v 0.02674 -0.01553 -0.21963
v 0.29417 -0.21014 -0.28106
v 0.17995 0.09938 -0.38251
v -0.01329 -0.27709 -0.13958
v -0.12750 0.03244 -0.24103
v 0.29072 0.01311 -0.18271
v 0.18340 -0.12388 -0.48085
v -0.01674 -0.05383 -0.04124
v -0.12405 -0.19082 -0.33937
v 0.19410 -0.17495 -0.06159
v 0.08678 -0.31194 -0.35939
v 0.07988 0.13458 -0.16270
v -0.02743 -0.00242 -0.46084
v -0.12612 -0.23326 -0.06781
v 0.10128 0.01380 -0.14821
v -0.27968 -0.19151 -0.37388
v -0.05228 0.05556 -0.45428
v -0.11715 0.00897 -0.03916
v 0.09231 -0.22843 -0.17685
v -0.27070 0.05072 -0.34524
v -0.06159 -0.18668 -0.48292
v -0.30763 -0.09351 -0.15200
v -0.09817 -0.33092 -0.28968
v -0.08023 0.15321 -0.23240
v 0.12888 -0.08420 -0.37008
v -0.49983 -0.09351 -0.20756
v -0.21273 -0.20945 -0.05469
v -0.31073 0.03175 -0.46739
v -0.02364 -0.08420 -0.31487
v -0.34041 -0.00138 -0.04710
v -0.37250 -0.30124 -0.21480
v -0.15131 0.12388 -0.30728
v -0.18306 -0.17633 -0.47498
v -0.38906 0.11905 -0.25380
v -0.42115 -0.18081 -0.42115
v -0.10231 0.00311 -0.10093
v -0.13440 -0.29676 -0.26829
v 0.26760 -0.42098 -0.26794
v 0.24068 -0.07798 -0.29589
v -0.07402 -0.44444 -0.22619
v -0.10128 -0.10179 -0.25414
v 0.27381 -0.23395 -0.11128
v 0.23447 -0.26501 -0.45255
v -0.06781 -0.25776 -0.06953
v -0.10714 -0.28847 -0.41080
v 0.11646 -0.41718 -0.07643
v 0.07712 -0.44824 -0.41770
v 0.08954 -0.07453 -0.10438
v 0.04986 -0.10525 -0.44565
v -0.07609 -0.34300 -0.03157
v 0.14303 -0.18772 -0.24827
v -0.32143 -0.33506 -0.27381
v -0.10266 -0.17943 -0.49051
v -0.01846 -0.11146 -0.08195
v 0.08575 -0.41925 -0.19790
v -0.26415 -0.10352 -0.32453
v -0.15994 -0.41132 -0.44013
v -0.25069 -0.18530 -0.09472
v -0.14648 -0.49310 -0.21066
v -0.03192 -0.02968 -0.31142
v 0.07229 -0.33747 -0.42736
v 0.37629 0.25673 -0.30072
v 0.13302 0.45514 -0.15787
v 0.37871 0.05728 -0.01915
v 0.13544 0.25569 0.12371
v 0.37698 0.45583 -0.15959
v 0.13199 0.25604 -0.29900
v 0.37940 0.25638 0.12164
v 0.13475 0.05659 -0.01743
v 0.49983 0.25673 -0.09058
v 0.25518 0.05728 -0.22964
v 0.25656 0.45549 0.05262
v 0.01190 0.25569 -0.08644
v 0.28623 0.16287 -0.18651
v 0.08333 0.43271 -0.25690
v 0.08333 0.07971 0.07988
v -0.11957 0.34955 0.00949
v 0.28037 0.39683 -0.11784
v 0.08920 0.19876 -0.32557
v 0.07747 0.31366 0.14855
v -0.11404 0.11560 -0.05918
v 0.28037 0.22015 0.05055
v 0.08920 0.02208 -0.15718
v 0.07747 0.49034 -0.01984
v -0.11404 0.29227 -0.22757
v -0.04572 0.09558 0.08989
v 0.13475 0.34852 -0.05987
v -0.31349 0.16425 -0.11715
v -0.13268 0.41718 -0.26691
v -0.01639 0.33402 0.13095
v 0.10542 0.10973 -0.10093
v -0.28382 0.40269 -0.07609
v -0.16201 0.17840 -0.30797
v -0.24068 0.24189 0.10231
v -0.11853 0.01760 -0.12957
v -0.05987 0.49482 -0.04745
v 0.06194 0.27053 -0.27933
v -0.44565 0.27950 0.07022
v -0.10197 0.25845 0.09610
v -0.42150 0.25397 -0.27312
v -0.07781 0.23292 -0.24724
v -0.26242 0.44065 0.07126
v -0.28520 0.09731 0.09507
v -0.23827 0.41546 -0.27208
v -0.26104 0.07177 -0.24827
v -0.42219 0.43858 -0.11335
v -0.44496 0.09489 -0.08954
v -0.07850 0.41753 -0.08747
v -0.10128 0.07384 -0.06366
v 0.34006 0.01104 -0.30590
v 0.14027 0.27019 -0.19548
v 0.37146 -0.10283 0.01846
v 0.17167 0.15631 0.12888
v 0.38009 0.23948 -0.22964
v 0.10024 0.04175 -0.27174
v 0.41149 0.12560 0.09472
v 0.13164 -0.07212 0.05228
v 0.49534 0.05314 -0.12267
v 0.21584 -0.14458 -0.16477
v 0.29589 0.31194 -0.01225
v 0.01605 0.11422 -0.05469
v 0.32281 0.03968 -0.07540
v 0.12854 0.32195 -0.11439
v 0.03813 -0.15459 -0.06263
v -0.15649 0.12767 -0.10162
v 0.21998 0.20048 0.07643
v 0.23137 0.16115 -0.26622
v -0.06504 0.00621 0.08920
v -0.05331 -0.03313 -0.25345
v 0.17478 -0.03796 0.10231
v 0.18616 -0.07695 -0.24034
v -0.01984 0.24465 0.06332
v -0.00811 0.20531 -0.27933
v -0.12785 0.09662 0.15200
v 0.10990 0.22222 -0.06401
v -0.28865 -0.05487 -0.11301
v -0.05055 0.07074 -0.32902
v -0.10473 0.30124 0.02088
v 0.08678 0.01794 0.06712
v -0.26518 0.14941 -0.24413
v -0.07367 -0.13389 -0.19790
v -0.30383 0.16253 -0.00362
v -0.11266 -0.12077 0.04262
v -0.06608 0.28813 -0.21963
v 0.12543 0.00483 -0.17340
v -0.43703 0.14665 0.06919
v -0.13406 -0.01656 0.09369
v -0.38941 0.18392 -0.27070
v -0.08644 0.02070 -0.24620
v -0.20652 0.21601 0.10887
v -0.36456 -0.08592 0.05366
v -0.15890 0.25328 -0.23068
v -0.31694 -0.04831 -0.28589
v -0.33420 0.31608 -0.07298
v -0.49224 0.01449 -0.12819
v -0.03123 0.15286 -0.04883
v -0.18927 -0.14872 -0.10404
v 0.43496 -0.09110 -0.25414
v 0.18996 0.13389 -0.16304
v 0.32177 -0.31159 -0.01398
v 0.07678 -0.08661 0.07712
v 0.42012 0.09179 -0.09334
v 0.20514 -0.04865 -0.32384
v 0.30659 -0.12871 0.14683
v 0.09161 -0.26915 -0.08368
v 0.48568 -0.13112 -0.01881
v 0.27070 -0.27157 -0.24931
v 0.24068 0.09386 0.07229
v 0.02571 -0.04658 -0.15821
v 0.28140 -0.21636 -0.15200
v 0.17409 0.10801 -0.20066
v -0.00742 -0.28571 0.02364
v -0.11473 0.03865 -0.02502
v 0.30556 -0.00656 -0.02985
v 0.14993 -0.10179 -0.32281
v 0.01674 -0.07591 0.14579
v -0.13889 -0.17115 -0.14717
v 0.21480 -0.20324 0.08230
v 0.05918 -0.29848 -0.21066
v 0.10749 0.12112 0.03364
v -0.04814 0.02588 -0.25932
v -0.04262 -0.22084 0.11128
v 0.14786 -0.09282 -0.14648
v -0.32626 -0.08489 -0.03054
v -0.13613 0.04313 -0.28830
v 0.07712 -0.01173 0.07264
v 0.02812 -0.30193 -0.10783
v -0.20652 0.12422 -0.06919
v -0.25552 -0.16598 -0.24965
v -0.15994 -0.00794 0.13061
v -0.20894 -0.29779 -0.04986
v 0.03054 0.12043 -0.12716
v -0.01881 -0.16977 -0.30763
v -0.40459 -0.06004 0.10714
v -0.07574 0.01242 0.03226
v -0.44807 -0.19013 -0.20928
v -0.11888 -0.11767 -0.28416
v -0.28727 0.13182 0.01225
v -0.19272 -0.17943 0.12716
v -0.33075 0.00173 -0.30418
v -0.23620 -0.30952 -0.18927
v -0.47360 0.03071 -0.10852
v -0.37905 -0.28054 0.00638
v -0.14475 0.10317 -0.18340
v -0.04986 -0.20807 -0.06850
v 0.40390 -0.18806 -0.26794
v 0.16304 -0.03623 -0.07333
v 0.34869 -0.48654 -0.10369
v 0.10749 -0.33471 0.09092
v 0.40390 -0.07039 -0.05435
v 0.16339 -0.15390 -0.28692
v 0.34834 -0.36888 0.10990
v 0.10783 -0.45238 -0.12302
v 0.49672 -0.29572 -0.06953
v 0.25587 -0.37888 -0.30245
v 0.25552 -0.14355 0.12509
v 0.01501 -0.22705 -0.10749
v 0.28727 -0.38613 -0.04020
v 0.21204 -0.10317 -0.22239
v -0.04538 -0.41960 0.04538
v -0.12060 -0.13630 -0.13682
v 0.27588 -0.14769 0.00880
v 0.22343 -0.34161 -0.27139
v -0.05676 -0.18081 0.09438
v -0.10921 -0.37509 -0.18582
v 0.14717 -0.30573 0.14268
v 0.09472 -0.50000 -0.13751
v 0.07195 -0.02277 -0.03951
v 0.01950 -0.21670 -0.31970
v -0.07195 -0.34300 0.14061
v 0.15373 -0.27053 -0.11025
v -0.33213 -0.25190 -0.06677
v -0.10645 -0.17978 -0.31763
v 0.05228 -0.14424 0.07229
v 0.02950 -0.46929 -0.04158
v -0.20790 -0.05349 -0.13544
v -0.23068 -0.37819 -0.24931
v -0.19065 -0.13492 0.09403
v -0.21342 -0.45997 -0.02019
v 0.03468 -0.06280 -0.15683
v 0.01225 -0.38751 -0.27105
v -0.44289 -0.30055 0.07057
v -0.11508 -0.19496 0.09472
v -0.40839 -0.32781 -0.27174
v -0.08092 -0.22222 -0.24758
v -0.33006 -0.08385 0.06435
v -0.22757 -0.41132 0.10093
v -0.29589 -0.11111 -0.27795
v -0.19341 -0.43858 -0.24137
v -0.47705 -0.15045 -0.11888
v -0.37422 -0.47792 -0.08264
v -0.14924 -0.04486 -0.09438
v -0.04676 -0.37233 -0.05814
v 0.31625 0.17667 -0.13854
v 0.12129 0.43375 -0.01605
v 0.39010 0.07902 0.18409
v 0.19513 0.33609 0.30659
v 0.35628 0.40925 -0.07712
v 0.08126 0.20083 -0.07747
v 0.43012 0.31159 0.24551
v 0.15511 0.10317 0.24517
v 0.49086 0.23188 0.02295
v 0.21584 0.02346 0.02260
v 0.29589 0.48896 0.14545
v 0.02088 0.28054 0.14510
v 0.21308 0.12526 -0.07574
v 0.18823 0.46066 0.00190
v -0.02157 0.05176 0.16615
v -0.04641 0.38716 0.24379
v 0.32660 0.27536 0.07988
v 0.07505 0.31090 -0.15373
v 0.09161 0.20186 0.32177
v -0.15994 0.23741 0.08816
v 0.22136 0.07074 0.16201
v -0.03019 0.10628 -0.07160
v 0.19651 0.40614 0.23965
v -0.05504 0.44168 0.00604
v 0.04193 0.12629 0.24344
v 0.10197 0.26398 -0.06746
v -0.28037 0.24845 0.23516
v -0.22067 0.38647 -0.07540
v 0.12543 0.34092 0.16304
v 0.01846 0.04934 0.01294
v -0.19720 0.46308 0.15511
v -0.30383 0.17150 0.00500
v -0.06573 0.33299 0.31453
v -0.17271 0.04141 0.16408
v -0.00569 0.47101 0.00362
v -0.11266 0.17943 -0.14648
v -0.47740 0.26052 0.19824
v -0.14890 0.30159 0.29555
v -0.37457 0.21084 -0.12750
v -0.04607 0.25190 -0.03019
v -0.32557 0.45066 0.21722
v -0.30072 0.11146 0.27657
v -0.22274 0.40097 -0.10852
v -0.19824 0.06211 -0.04917
v -0.43841 0.40511 0.00569
v -0.41356 0.06625 0.06504
v -0.10990 0.44617 0.10300
v -0.08506 0.10732 0.16235
v 0.42012 0.10007 -0.09576
v 0.17926 0.31021 0.03468
v 0.33247 -0.14251 0.13337
v 0.09161 0.06729 0.26380
v 0.41529 0.26846 0.08092
v 0.18409 0.14182 -0.14199
v 0.32729 0.02588 0.31004
v 0.09645 -0.10110 0.08713
v 0.49189 0.04210 0.13026
v 0.26070 -0.08454 -0.09265
v 0.25104 0.25224 0.26035
v 0.01984 0.12526 0.03778
v 0.24206 -0.10110 0.07229
v 0.20652 0.20083 -0.09092
v -0.03986 -0.03347 0.25897
v -0.07574 0.26846 0.09576
v 0.32212 0.12629 0.11059
v 0.12647 -0.02657 -0.12923
v 0.03986 0.19393 0.29727
v -0.15545 0.04106 0.05745
v 0.19893 0.00932 0.28554
v 0.00328 -0.14355 0.04572
v 0.16304 0.31125 0.12233
v -0.03226 0.15839 -0.11749
v -0.14061 0.03796 0.31798
v 0.08161 0.24396 0.15269
v -0.26001 -0.07660 0.01501
v -0.03778 0.12940 -0.14993
v -0.14752 0.26708 0.23413
v 0.08816 0.01484 0.23689
v -0.26656 0.15252 -0.06884
v -0.03123 -0.09972 -0.06608
v -0.31798 0.10697 0.16546
v -0.08264 -0.14527 0.16787
v -0.09576 0.31263 0.00017
v 0.13958 0.06039 0.00259
v -0.46084 0.02243 0.21135
v -0.13854 0.11629 0.29210
v -0.38492 0.05107 -0.12405
v -0.06297 0.14493 -0.04331
v -0.34869 0.23464 0.25483
v -0.25069 -0.09593 0.24862
v -0.27277 0.26329 -0.08057
v -0.17478 -0.06729 -0.08678
v -0.47188 0.20221 0.04676
v -0.37388 -0.12871 0.04055
v -0.14959 0.29607 0.12750
v -0.05193 -0.03485 0.12129
v 0.37905 -0.04555 -0.12198
v 0.07436 0.05418 0.00535
v 0.43737 -0.23154 0.16270
v 0.13233 -0.13182 0.29003
v 0.30210 0.14079 0.01536
v 0.15131 -0.13216 -0.13233
v 0.36042 -0.04520 0.30003
v 0.20928 -0.31815 0.15269
v 0.48361 -0.00207 0.09403
v 0.33282 -0.27502 -0.05331
v 0.17892 0.09765 0.22136
v 0.02778 -0.17529 0.07402
v 0.32419 -0.11560 0.05607
v 0.08023 0.07212 -0.09921
v 0.08644 -0.24983 0.26725
v -0.15752 -0.06211 0.11197
v 0.22930 0.10663 0.09058
v 0.17478 -0.15010 -0.13371
v -0.00845 -0.02761 0.30176
v -0.06297 -0.28399 0.07747
v 0.23275 -0.05452 0.27381
v 0.17823 -0.31090 0.04952
v -0.01156 0.13320 0.11853
v -0.06608 -0.12319 -0.10576
v -0.05814 -0.10904 0.32522
v 0.15028 -0.12181 0.05055
v -0.32867 -0.05590 0.11749
v -0.12026 -0.06867 -0.15718
v 0.07091 0.05487 0.19893
v 0.02088 -0.28571 0.17685
v -0.19962 0.10801 -0.00880
v -0.24931 -0.23257 -0.03088
v -0.16856 0.08799 0.23240
v -0.21825 -0.25293 0.21032
v 0.03986 0.07522 -0.04227
v -0.01018 -0.26570 -0.06435
v -0.43496 -0.01484 0.23896
v -0.09507 -0.07005 0.26104
v -0.42840 -0.10766 -0.09334
v -0.08851 -0.16287 -0.07091
v -0.23551 0.12146 0.20480
v -0.29451 -0.20635 0.29520
v -0.22895 0.02864 -0.12750
v -0.28796 -0.29917 -0.03675
v -0.40217 0.10248 0.02778
v -0.46118 -0.22498 0.11818
v -0.06228 0.04762 0.04986
v -0.12129 -0.28019 0.14027
v 0.37457 -0.23810 -0.12785
v 0.19272 -0.02588 0.07436
v 0.31901 -0.49689 0.09369
v 0.13716 -0.28433 0.29589
v 0.42771 -0.09006 0.05849
v 0.13958 -0.17426 -0.11197
v 0.37215 -0.34852 0.28002
v 0.08402 -0.43271 0.10956
v 0.49086 -0.32540 0.06815
v 0.20273 -0.40959 -0.10231
v 0.30901 -0.11318 0.27036
v 0.02088 -0.19738 0.09990
v 0.32177 -0.30883 0.10266
v 0.12750 -0.11387 -0.10507
v 0.03882 -0.40890 0.27312
v -0.15545 -0.21360 0.06539
v 0.24275 -0.07798 0.10680
v 0.20652 -0.34438 -0.10921
v -0.04020 -0.17805 0.27726
v -0.07609 -0.44444 0.06090
v 0.19859 -0.22567 0.29624
v 0.16235 -0.49206 0.07988
v 0.00431 -0.03071 0.08816
v -0.03192 -0.29710 -0.12819
v -0.01501 -0.38268 0.28244
v 0.14096 -0.25224 0.00362
v -0.31936 -0.27019 0.16442
v -0.16339 -0.14010 -0.11439
v 0.08609 -0.16805 0.22585
v 0.03986 -0.46722 0.06021
v -0.21825 -0.05556 0.10783
v -0.26449 -0.35473 -0.05780
v -0.14406 -0.17702 0.30625
v -0.19030 -0.47619 0.14061
v 0.01190 -0.04658 0.02743
v -0.03433 -0.34576 -0.13820
v -0.49293 -0.20221 0.13475
v -0.20583 -0.24638 0.32108
v -0.31763 -0.27640 -0.15304
v -0.03054 -0.32022 0.03330
v -0.31108 -0.05728 0.20825
v -0.38768 -0.39130 0.24758
v -0.13578 -0.13112 -0.07954
v -0.21239 -0.46549 -0.04020
v -0.36698 -0.07212 -0.02881
v -0.44358 -0.40649 0.01052
v -0.07988 -0.11629 0.15752
v -0.15649 -0.45031 0.19686
v 0.23758 0.07212 0.29900
v 0.25725 0.37267 0.13130
v -0.09058 0.13975 0.38182
v -0.07091 0.44065 0.21377
v 0.29969 0.29986 0.36008
v 0.19479 0.14493 0.07022
v -0.02812 0.36749 0.44289
v -0.13337 0.21256 0.15304
v 0.12578 0.18323 0.48533
v 0.02088 0.02830 0.19548
v 0.14579 0.48413 0.31763
v 0.04055 0.32919 0.02778
v 0.00535 0.14389 0.45117
v 0.12336 0.37026 0.21894
v -0.30176 0.14217 0.29417
v -0.18409 0.36853 0.06194
v 0.01225 0.38716 0.43565
v 0.11646 0.12698 0.23447
v -0.29486 0.38578 0.27830
v -0.19065 0.12526 0.07747
v -0.20031 0.27329 0.47326
v -0.09610 0.01277 0.27208
v -0.08264 0.49965 0.24103
v 0.02157 0.23913 0.03986
v 0.35559 0.27950 0.15028
v 0.03399 0.18012 0.22516
v 0.47774 -0.01242 0.28761
v 0.15614 -0.11180 0.36284
v 0.20652 0.30711 0.34144
v 0.18271 0.15217 0.03399
v 0.32902 0.01518 0.47912
v 0.30487 -0.13975 0.17167
v 0.42874 0.21084 0.37284
v 0.40493 0.05590 0.06539
v 0.10680 0.11146 0.44772
v 0.08299 -0.04348 0.14027
v 0.30349 -0.02105 0.24448
v 0.17340 0.28502 0.15200
v -0.00673 -0.11767 0.36111
v -0.13682 0.18841 0.26863
v 0.27726 0.19531 0.35386
v 0.19962 0.06867 0.04262
v -0.03295 0.09903 0.47050
v -0.11059 -0.02795 0.15925
v 0.18720 -0.00587 0.45842
v 0.10956 -0.13285 0.14717
v 0.05711 0.30021 0.36594
v -0.02053 0.17322 0.05469
v -0.04400 -0.05107 0.45497
v 0.12785 0.02105 0.16442
v -0.30625 0.14631 0.34869
v -0.13440 0.21843 0.05814
v 0.11404 0.12181 0.38630
v -0.03019 -0.15183 0.23309
v -0.14855 0.31919 0.28002
v -0.29244 0.04555 0.12681
v -0.10300 0.18461 0.47843
v -0.24724 -0.08937 0.32522
v 0.06850 0.25673 0.18789
v -0.07540 -0.01691 0.03468
v -0.37388 0.08006 0.47326
v -0.04917 0.12905 0.36732
v -0.47464 0.03865 0.14579
v -0.14993 0.08730 0.03986
v -0.24103 0.27398 0.40769
v -0.18202 -0.06487 0.43254
v -0.34179 0.23257 0.08023
v -0.28244 -0.10663 0.10542
v -0.45359 0.22878 0.29727
v -0.39458 -0.11008 0.32212
v -0.12888 0.27778 0.19099
v -0.06988 -0.06142 0.21584
v 0.41770 -0.12767 0.07816
v 0.17650 0.11077 0.14061
v 0.33523 -0.28847 0.37215
v 0.09403 -0.04969 0.43496
v 0.41322 0.08696 0.19410
v 0.18064 -0.10386 0.02467
v 0.33075 -0.07384 0.48810
v 0.09852 -0.26432 0.31901
v 0.49258 -0.11284 0.30970
v 0.26035 -0.30331 0.14061
v 0.25138 0.12595 0.37250
v 0.01881 -0.06487 0.20307
v 0.30556 -0.13699 0.34489
v 0.16166 0.12802 0.17685
v 0.00466 -0.30573 0.33627
v -0.13923 -0.04072 0.16822
v 0.18927 0.06694 0.41149
v 0.27795 -0.07591 0.10990
v -0.11128 -0.10179 0.40286
v -0.02295 -0.24465 0.10162
v 0.11094 -0.14976 0.49120
v 0.19962 -0.29262 0.18996
v -0.03295 0.11525 0.32315
v 0.05573 -0.02795 0.02191
v -0.12819 -0.28986 0.38906
v 0.14855 -0.09972 0.30970
v -0.32729 -0.07798 0.20342
v -0.05021 0.11215 0.12371
v -0.01639 -0.09731 0.48913
v 0.03709 -0.29227 0.20963
v -0.21549 0.11456 0.30349
v -0.16201 -0.08040 0.02364
v -0.25449 -0.08627 0.43599
v -0.20100 -0.28123 0.15649
v 0.02226 0.10352 0.35663
v 0.07609 -0.09110 0.07712
v -0.45704 -0.19324 0.35904
v -0.11542 -0.22602 0.39562
v -0.40804 0.04831 0.11749
v -0.06643 0.01553 0.15407
v -0.28761 -0.08730 0.49914
v -0.28485 -0.33161 0.25552
v -0.23861 0.15424 0.25759
v -0.23585 -0.09041 0.01398
v -0.43392 0.04969 0.36008
v -0.43116 -0.19462 0.11646
v -0.09231 0.01691 0.39665
v -0.08954 -0.22740 0.15304
v 0.28968 -0.39165 0.26415
v 0.19203 -0.09731 0.11232
v -0.02536 -0.42547 0.40079
v -0.12302 -0.13112 0.24896
v 0.29175 -0.15597 0.32729
v 0.18996 -0.33299 0.04917
v -0.02329 -0.18979 0.46394
v -0.12509 -0.36680 0.18582
v 0.18306 -0.31988 0.47153
v 0.08126 -0.49689 0.19341
v 0.08540 -0.02553 0.31970
v -0.01639 -0.20290 0.04158
# 672 verticies
vt 0.00000 1.00000
vt 0.00000 0.00000
vt 1.00000 1.00000
vt 1.00000 0.00000
# 4 texture verticies
vn 0.06602 0.91322 0.40209
vn 0.12899 0.39196 -0.91090
vn 0.98943 -0.11205 0.09204
vn 0.29594 0.73184 0.61387
vn -0.28897 0.68093 -0.67293
vn 0.91039 -0.02201 -0.41317
vn -0.37187 0.74574 0.55280
vn 0.52410 0.66013 -0.53810
vn 0.76666 -0.08996 0.63572
vn 0.48391 0.55590 0.67588
vn -0.85200 0.47600 0.21800
vn 0.20006 0.68121 -0.70422
vn 0.62191 0.60191 0.50093
vn -0.35282 0.78660 -0.50674
vn 0.69875 -0.13895 -0.70175
vn -0.29601 0.73502 0.61002
vn 0.65599 0.62099 -0.42900
vn 0.69410 -0.27304 0.66609
vn -0.22305 0.97320 -0.05601
vn 0.92773 0.19394 -0.31891
vn 0.29908 0.12303 0.94626
vn 0.90349 0.29084 0.31482
vn -0.42308 0.71614 0.55511
vn 0.06399 0.63493 -0.76991
vn 0.31087 0.39684 0.86364
vn -0.33090 0.89673 -0.29391
vn 0.89117 0.19404 -0.41008
vn -0.60607 0.68808 0.39904
vn 0.65907 0.71507 -0.23302
vn 0.44513 -0.12103 0.88725
vn 0.09300 0.86900 0.48600
vn 0.83112 -0.33605 0.44307
vn -0.54784 -0.36289 0.75378
vn 0.11404 0.09004 0.98939
vn -0.07897 0.99358 -0.08097
vn 0.99031 0.06802 -0.12104
vn -0.30214 0.89240 0.33515
vn 0.63468 0.45077 -0.62768
vn 0.71190 -0.02300 0.70190
vn 0.70929 0.57824 0.40317
vn -0.70493 0.57594 0.41396
vn -0.00800 0.57800 -0.81600
vn 0.55503 0.57403 0.60203
vn -0.58833 0.78244 -0.20411
vn 0.58806 0.24102 -0.77207
vn -0.35300 0.65100 0.67200
vn 0.52394 0.73292 -0.43395
vn 0.77491 -0.19898 0.59993
vn 0.06603 0.99543 -0.06903
vn 0.99531 -0.06102 0.07502
vn -0.06999 0.07399 0.99480
vn 0.81018 0.57313 0.12303
vn -0.57896 0.74995 0.31998
vn -0.09096 0.32987 -0.93963
vn -0.03400 0.11399 0.99290
vn -0.56400 0.81800 -0.11300
vn 0.82543 0.56329 -0.03702
vn -0.55499 0.82099 -0.13400
vn 0.68984 0.36391 -0.62585
vn 0.46529 0.43927 0.76847
vn 0.45817 0.87433 0.16006
vn 0.87815 -0.47308 0.07101
vn -0.13794 -0.10795 0.98454
vn 0.62300 0.40700 0.66800
vn -0.70993 0.65293 0.26397
vn 0.32884 0.63869 -0.69566
vn 0.45091 0.27595 0.84884
vn -0.31097 0.93991 -0.14099
vn 0.83698 0.20099 -0.50899
vn 0.14193 0.84059 0.52275
vn 0.55121 0.37114 -0.74728
vn 0.82207 -0.39403 0.41103
vn -0.27406 0.90219 -0.33307
vn 0.95329 0.21006 -0.21707
vn 0.12595 0.37686 0.91767
vn 0.69700 0.24200 0.67500
vn -0.69838 0.44024 0.56431
vn 0.16094 0.86469 -0.47583
vn 0.15204 0.56316 0.81224
vn -0.21796 0.82086 -0.52791
vn 0.96390 0.09699 -0.24797
vn 0.06598 0.94171 0.32990
vn 0.65389 0.20996 -0.72687
vn 0.75377 -0.26392 0.60181
vn -0.29702 0.94908 -0.10501
vn 0.94973 0.30491 0.07098
vn -0.09899 0.07900 0.99195
vn 0.79699 0.60399 0.00100
vn -0.56492 0.74490 0.35495
vn -0.21399 0.28298 -0.93495
vn 0.72886 -0.10298 0.67687
vn -0.07198 0.97171 0.22493
vn 0.68082 0.21294 -0.70081
vn 0.31010 0.84527 0.43514
vn 0.17398 0.39994 -0.89988
vn 0.93497 -0.35399 0.02300
vn -0.07203 0.98245 -0.17208
vn 0.95201 0.11900 0.28200
vn -0.29699 0.14399 0.94396
vn 0.66915 0.36708 0.64614
vn -0.69793 0.60893 0.37696
vn 0.25405 0.70313 -0.66413
vn 0.56610 0.44308 0.69513
vn -0.10399 0.87493 -0.47296
vn 0.81791 -0.19598 -0.54094
vn -0.68269 0.73067 -0.00800
vn 0.64381 0.59683 -0.47886
vn 0.34498 0.33198 0.87794
vn -0.28391 0.95868 0.01799
vn 0.93336 0.27210 0.23409
vn -0.21999 -0.08300 0.97196
vn 0.43704 0.79107 0.42804
vn -0.88328 0.28909 0.36912
vn -0.16805 0.53917 -0.82526
vn 0.15804 0.74318 0.65016
vn -0.70729 0.54422 -0.45118
vn 0.68880 0.38889 -0.61182
vn 0.14505 0.98735 0.06402
vn 0.60406 -0.03700 -0.79608
vn 0.78370 -0.15394 0.60177
vn 0.17097 0.94982 -0.26195
vn 0.98504 -0.16001 0.06400
vn -0.01900 0.26899 0.96296
vn 0.83436 0.24411 0.49422
vn -0.52717 0.61520 0.58619
vn 0.16095 0.74978 -0.64181
vn 0.10499 0.77195 0.62696
vn -0.56274 0.56574 -0.60272
vn 0.81978 0.28992 -0.49387
vn 0.13400 0.86698 0.47999
vn 0.45199 0.37799 -0.80798
vn 0.88177 -0.32492 0.34191
vn 0.22208 0.96834 -0.11404
vn 0.83191 -0.12799 0.53994
vn -0.50815 0.21406 0.83424
vn 0.30406 0.44909 0.84016
vn 0.05698 0.87165 -0.48680
vn 0.95080 -0.19596 -0.23995
vn -0.30201 0.75502 0.58201
vn 0.34108 0.65615 -0.67315
vn 0.89038 0.00500 0.45519
vn 0.06899 0.44895 0.89089
vn -0.93276 -0.28792 0.21694
vn -0.35410 0.84624 -0.39811
vn 0.22504 0.36806 0.90216
vn -0.37686 0.88668 -0.26790
vn 0.89862 0.27988 -0.33786
vn 0.41703 0.79305 0.44403
vn 0.49784 0.20893 -0.84173
vn 0.76013 -0.57210 0.30805
vn -0.17094 0.98265 -0.07197
vn 0.94089 0.14098 -0.30797
vn 0.29193 0.12097 0.94876
vn 0.67361 0.55268 0.49071
vn -0.69940 0.69140 0.18110
vn 0.23909 0.46517 -0.85232
vn -0.25705 0.41409 0.87319
vn -0.41714 0.76725 -0.48716
vn 0.87196 0.48898 0.02400
vn -0.15492 0.56473 0.81061
vn 0.80212 0.55108 -0.23003
vn 0.57687 -0.61386 0.53888
vn -0.00800 0.70808 0.70608
vn 0.98982 -0.09498 0.10598
vn -0.14199 -0.69994 0.69994
vn 0.29487 0.51378 0.80565
vn -0.28306 0.85217 -0.44009
vn 0.91301 0.09800 -0.39600
# 168 normals
f  3/1/1 1/2/1 4/3/1
f  2/4/1 4/3/1 1/2/1
f  7/1/2 5/2/2 8/3/2
f  6/4/2 8/3/2 5/2/2
f  11/1/3 9/2/3 12/3/3
f  10/4/3 12/3/3 9/2/3
f  15/1/4 13/2/4 16/3/4
f  14/4/4 16/3/4 13/2/4
f  19/1/5 17/2/5 20/3/5
f  18/4/5 20/3/5 17/2/5
f  23/1/6 21/2/6 24/3/6
f  22/4/6 24/3/6 21/2/6
f  27/1/7 25/2/7 28/3/7
f  26/4/7 28/3/7 25/2/7
f  31/1/8 29/2/8 32/3/8
f  30/4/8 32/3/8 29/2/8
f  35/1/9 33/2/9 36/3/9
f  34/4/9 36/3/9 33/2/9
f  39/1/10 37/2/10 40/3/10
f  38/4/10 40/3/10 37/2/10
f  43/1/11 41/2/11 44/3/11
f  42/4/11 44/3/11 41/2/11
f  47/1/12 45/2/12 48/3/12
f  46/4/12 48/3/12 45/2/12
f  51/1/13 49/2/13 52/3/13
f  50/4/13 52/3/13 49/2/13
f  55/1/14 53/2/14 56/3/14
f  54/4/14 56/3/14 53/2/14
f  59/1/15 57/2/15 60/3/15
f  58/4/15 60/3/15 57/2/15
f  63/1/16 61/2/16 64/3/16
f  62/4/16 64/3/16 61/2/16
f  67/1/17 65/2/17 68/3/17
f  66/4/17 68/3/17 65/2/17
f  71/1/18 69/2/18 72/3/18
f  70/4/18 72/3/18 69/2/18
f  75/1/19 73/2/19 76/3/19
f  74/4/19 76/3/19 73/2/19
f  79/1/20 77/2/20 80/3/20
f  78/4/20 80/3/20 77/2/20
f  83/1/21 81/2/21 84/3/21
f  82/4/21 84/3/21 81/2/21
f  87/1/22 85/2/22 88/3/22
f  86/4/22 88/3/22 85/2/22
f  91/1/23 89/2/23 92/3/23
f  90/4/23 92/3/23 89/2/23
f  95/1/24 93/2/24 96/3/24
f  94/4/24 96/3/24 93/2/24
f  99/1/25 97/2/25 100/3/25
f  98/4/25 100/3/25 97/2/25
f  103/1/26 101/2/26 104/3/26
f  102/4/26 104/3/26 101/2/26
f  107/1/27 105/2/27 108/3/27
f  106/4/27 108/3/27 105/2/27
f  111/1/28 109/2/28 112/3/28
f  110/4/28 112/3/28 109/2/28
f  115/1/29 113/2/29 116/3/29
f  114/4/29 116/3/29 113/2/29
f  119/1/30 117/2/30 120/3/30
f  118/4/30 120/3/30 117/2/30
f  123/1/31 121/2/31 124/3/31
f  122/4/31 124/3/31 121/2/31
f  127/1/32 125/2/32 128/3/32
f  126/4/32 128/3/32 125/2/32
f  131/1/33 129/2/33 132/3/33
f  130/4/33 132/3/33 129/2/33
f  135/1/34 133/2/34 136/3/34
f  134/4/34 136/3/34 133/2/34
f  139/1/35 137/2/35 140/3/35
f  138/4/35 140/3/35 137/2/35
f  143/1/36 141/2/36 144/3/36
f  142/4/36 144/3/36 141/2/36
f  147/1/37 145/2/37 148/3/37
f  146/4/37 148/3/37 145/2/37
f  151/1/38 149/2/38 152/3/38
f  150/4/38 152/3/38 149/2/38
f  155/1/39 153/2/39 156/3/39
f  154/4/39 156/3/39 153/2/39
f  159/1/40 157/2/40 160/3/40
f  158/4/40 160/3/40 157/2/40
f  163/1/41 161/2/41 164/3/41
f  162/4/41 164/3/41 161/2/41
f  167/1/42 165/2/42 168/3/42
f  166/4/42 168/3/42 165/2/42
f  171/1/43 169/2/43 172/3/43
f  170/4/43 172/3/43 169/2/43
f  175/1/44 173/2/44 176/3/44
f  174/4/44 176/3/44 173/2/44
f  179/1/45 177/2/45 180/3/45
f  178/4/45 180/3/45 177/2/45
f  183/1/46 181/2/46 184/3/46
f  182/4/46 184/3/46 181/2/46
f  187/1/47 185/2/47 188/3/47
f  186/4/47 188/3/47 185/2/47
f  191/1/48 189/2/48 192/3/48
f  190/4/48 192/3/48 189/2/48
f  195/1/49 193/2/49 196/3/49
f  194/4/49 196/3/49 193/2/49
f  199/1/50 197/2/50 200/3/50
f  198/4/50 200/3/50 197/2/50
f  203/1/51 201/2/51 204/3/51
f  202/4/51 204/3/51 201/2/51
f  207/1/52 205/2/52 208/3/52
f  206/4/52 208/3/52 205/2/52
f  211/1/53 209/2/53 212/3/53
f  210/4/53 212/3/53 209/2/53
f  215/1/54 213/2/54 216/3/54
f  214/4/54 216/3/54 213/2/54
f  219/1/55 217/2/55 220/3/55
f  218/4/55 220/3/55 217/2/55
f  223/1/56 221/2/56 224/3/56
f  222/4/56 224/3/56 221/2/56
f  227/1/57 225/2/57 228/3/57
f  226/4/57 228/3/57 225/2/57
f  231/1/58 229/2/58 232/3/58
f  230/4/58 232/3/58 229/2/58
f  235/1/59 233/2/59 236/3/59
f  234/4/59 236/3/59 233/2/59
f  239/1/60 237/2/60 240/3/60
f  238/4/60 240/3/60 237/2/60
f  243/1/61 241/2/61 244/3/61
f  242/4/61 244/3/61 241/2/61
f  247/1/62 245/2/62 248/3/62
f  246/4/62 248/3/62 245/2/62
f  251/1/63 249/2/63 252/3/63
f  250/4/63 252/3/63 249/2/63
f  255/1/64 253/2/64 256/3/64
f  254/4/64 256/3/64 253/2/64
f  259/1/65 257/2/65 260/3/65
f  258/4/65 260/3/65 257/2/65
f  263/1/66 261/2/66 264/3/66
f  262/4/66 264/3/66 261/2/66
f  267/1/67 265/2/67 268/3/67
f  266/4/67 268/3/67 265/2/67
f  271/1/68 269/2/68 272/3/68
f  270/4/68 272/3/68 269/2/68
f  275/1/69 273/2/69 276/3/69
f  274/4/69 276/3/69 273/2/69
f  279/1/70 277/2/70 280/3/70
f  278/4/70 280/3/70 277/2/70
f  283/1/71 281/2/71 284/3/71
f  282/4/71 284/3/71 281/2/71
f  287/1/72 285/2/72 288/3/72
f  286/4/72 288/3/72 285/2/72
f  291/1/73 289/2/73 292/3/73
f  290/4/73 292/3/73 289/2/73
f  295/1/74 293/2/74 296/3/74
f  294/4/74 296/3/74 293/2/74
f  299/1/75 297/2/75 300/3/75
f  298/4/75 300/3/75 297/2/75
f  303/1/76 301/2/76 304/3/76
f  302/4/76 304/3/76 301/2/76
f  307/1/77 305/2/77 308/3/77
f  306/4/77 308/3/77 305/2/77
f  311/1/78 309/2/78 312/3/78
f  310/4/78 312/3/78 309/2/78
f  315/1/79 313/2/79 316/3/79
f  314/4/79 316/3/79 313/2/79
f  319/1/80 317/2/80 320/3/80
f  318/4/80 320/3/80 317/2/80
f  323/1/81 321/2/81 324/3/81
f  322/4/81 324/3/81 321/2/81
f  327/1/82 325/2/82 328/3/82
f  326/4/82 328/3/82 325/2/82
f  331/1/83 329/2/83 332/3/83
f  330/4/83 332/3/83 329/2/83
f  335/1/84 333/2/84 336/3/84
f  334/4/84 336/3/84 333/2/84
f  339/1/85 337/2/85 340/3/85
f  338/4/85 340/3/85 337/2/85
f  343/1/86 341/2/86 344/3/86
f  342/4/86 344/3/86 341/2/86
f  347/1/87 345/2/87 348/3/87
f  346/4/87 348/3/87 345/2/87
f  351/1/88 349/2/88 352/3/88
f  350/4/88 352/3/88 349/2/88
f  355/1/89 353/2/89 356/3/89
f  354/4/89 356/3/89 353/2/89
f  359/1/90 357/2/90 360/3/90
f  358/4/90 360/3/90 357/2/90
f  363/1/91 361/2/91 364/3/91
f  362/4/91 364/3/91 361/2/91
f  367/1/92 365/2/92 368/3/92
f  366/4/92 368/3/92 365/2/92
f  371/1/93 369/2/93 372/3/93
f  370/4/93 372/3/93 369/2/93
f  375/1/94 373/2/94 376/3/94
f  374/4/94 376/3/94 373/2/94
f  379/1/95 377/2/95 380/3/95
f  378/4/95 380/3/95 377/2/95
f  383/1/96 381/2/96 384/3/96
f  382/4/96 384/3/96 381/2/96
f  387/1/97 385/2/97 388/3/97
f  386/4/97 388/3/97 385/2/97
f  391/1/98 389/2/98 392/3/98
f  390/4/98 392/3/98 389/2/98
f  395/1/99 393/2/99 396/3/99
f  394/4/99 396/3/99 393/2/99
f  399/1/100 397/2/100 400/3/100
f  398/4/100 400/3/100 397/2/100
f  403/1/101 401/2/101 404/3/101
f  402/4/101 404/3/101 401/2/101
f  407/1/102 405/2/102 408/3/102
f  406/4/102 408/3/102 405/2/102
f  411/1/103 409/2/103 412/3/103
f  410/4/103 412/3/103 409/2/103
f  415/1/104 413/2/104 416/3/104
f  414/4/104 416/3/104 413/2/104
f  419/1/105 417/2/105 420/3/105
f  418/4/105 420/3/105 417/2/105
f  423/1/106 421/2/106 424/3/106
f  422/4/106 424/3/106 421/2/106
f  427/1/107 425/2/107 428/3/107
f  426/4/107 428/3/107 425/2/107
f  431/1/108 429/2/108 432/3/108
f  430/4/108 432/3/108 429/2/108
f  435/1/109 433/2/109 436/3/109
f  434/4/109 436/3/109 433/2/109
f  439/1/110 437/2/110 440/3/110
f  438/4/110 440/3/110 437/2/110
f  443/1/111 441/2/111 444/3/111
f  442/4/111 444/3/111 441/2/111
f  447/1/112 445/2/112 448/3/112
f  446/4/112 448/3/112 445/2/112
f  451/1/113 449/2/113 452/3/113
f  450/4/113 452/3/113 449/2/113
f  455/1/114 453/2/114 456/3/114
f  454/4/114 456/3/114 453/2/114
f  459/1/115 457/2/115 460/3/115
f  458/4/115 460/3/115 457/2/115
f  463/1/116 461/2/116 464/3/116
f  462/4/116 464/3/116 461/2/116
f  467/1/117 465/2/117 468/3/117
f  466/4/117 468/3/117 465/2/117
f  471/1/118 469/2/118 472/3/118
f  470/4/118 472/3/118 469/2/118
f  475/1/119 473/2/119 476/3/119
f  474/4/119 476/3/119 473/2/119
f  479/1/120 477/2/120 480/3/120
f  478/4/120 480/3/120 477/2/120
f  483/1/121 481/2/121 484/3/121
f  482/4/121 484/3/121 481/2/121
f  487/1/122 485/2/122 488/3/122
f  486/4/122 488/3/122 485/2/122
f  491/1/123 489/2/123 492/3/123
f  490/4/123 492/3/123 489/2/123
f  495/1/124 493/2/124 496/3/124
f  494/4/124 496/3/124 493/2/124
f  499/1/125 497/2/125 500/3/125
f  498/4/125 500/3/125 497/2/125
f  503/1/126 501/2/126 504/3/126
f  502/4/126 504/3/126 501/2/126
f  507/1/127 505/2/127 508/3/127
f  506/4/127 508/3/127 505/2/127
f  511/1/128 509/2/128 512/3/128
f  510/4/128 512/3/128 509/2/128
f  515/1/129 513/2/129 516/3/129
f  514/4/129 516/3/129 513/2/129
f  519/1/130 517/2/130 520/3/130
f  518/4/130 520/3/130 517/2/130
f  523/1/131 521/2/131 524/3/131
f  522/4/131 524/3/131 521/2/131
f  527/1/132 525/2/132 528/3/132
f  526/4/132 528/3/132 525/2/132
f  531/1/133 529/2/133 532/3/133
f  530/4/133 532/3/133 529/2/133
f  535/1/134 533/2/134 536/3/134
f  534/4/134 536/3/134 533/2/134
f  539/1/135 537/2/135 540/3/135
f  538/4/135 540/3/135 537/2/135
f  543/1/136 541/2/136 544/3/136
f  542/4/136 544/3/136 541/2/136
f  547/1/137 545/2/137 548/3/137
f  546/4/137 548/3/137 545/2/137
f  551/1/138 549/2/138 552/3/138
f  550/4/138 552/3/138 549/2/138
f  555/1/139 553/2/139 556/3/139
f  554/4/139 556/3/139 553/2/139
f  559/1/140 557/2/140 560/3/140
f  558/4/140 560/3/140 557/2/140
f  563/1/141 561/2/141 564/3/141
f  562/4/141 564/3/141 561/2/141
f  567/1/142 565/2/142 568/3/142
f  566/4/142 568/3/142 565/2/142
f  571/1/143 569/2/143 572/3/143
f  570/4/143 572/3/143 569/2/143
f  575/1/144 573/2/144 576/3/144
f  574/4/144 576/3/144 573/2/144
f  579/1/145 577/2/145 580/3/145
f  578/4/145 580/3/145 577/2/145
f  583/1/146 581/2/146 584/3/146
f  582/4/146 584/3/146 581/2/146
f  587/1/147 585/2/147 588/3/147
f  586/4/147 588/3/147 585/2/147
f  591/1/148 589/2/148 592/3/148
f  590/4/148 592/3/148 589/2/148
f  595/1/149 593/2/149 596/3/149
f  594/4/149 596/3/149 593/2/149
f  599/1/150 597/2/150 600/3/150
f  598/4/150 600/3/150 597/2/150
f  603/1/151 601/2/151 604/3/151
f  602/4/151 604/3/151 601/2/151
f  607/1/152 605/2/152 608/3/152
f  606/4/152 608/3/152 605/2/152
f  611/1/153 609/2/153 612/3/153
f  610/4/153 612/3/153 609/2/153
f  615/1/154 613/2/154 616/3/154
f  614/4/154 616/3/154 613/2/154
f  619/1/155 617/2/155 620/3/155
f  618/4/155 620/3/155 617/2/155
f  623/1/156 621/2/156 624/3/156
f  622/4/156 624/3/156 621/2/156
f  627/1/157 625/2/157 628/3/157
f  626/4/157 628/3/157 625/2/157
f  631/1/158 629/2/158 632/3/158
f  630/4/158 632/3/158 629/2/158
f  635/1/159 633/2/159 636/3/159
f  634/4/159 636/3/159 633/2/159
f  639/1/160 637/2/160 640/3/160
f  638/4/160 640/3/160 637/2/160
f  643/1/161 641/2/161 644/3/161
f  642/4/161 644/3/161 641/2/161
f  647/1/162 645/2/162 648/3/162
f  646/4/162 648/3/162 645/2/162
f  651/1/163 649/2/163 652/3/163
f  650/4/163 652/3/163 649/2/163
f  655/1/164 653/2/164 656/3/164
f  654/4/164 656/3/164 653/2/164
f  659/1/165 657/2/165 660/3/165
f  658/4/165 660/3/165 657/2/165
f  663/1/166 661/2/166 664/3/166
f  662/4/166 664/3/166 661/2/166
f  667/1/167 665/2/167 668/3/167
f  666/4/167 668/3/167 665/2/167
f  671/1/168 669/2/168 672/3/168
f  670/4/168 672/3/168 669/2/168
